# LiDAR Point Cloud Data
# Session: 20251016_195718
# Lines: 64, FOV: 128°
# Format: X Y Z Range
# Total Points: 3566
-16.643 0.000 -9.980 19.416
-15.399 0.000 -9.980 18.361
-14.281 0.000 -9.980 17.434
-13.270 0.000 -9.980 16.616
-12.349 0.000 -9.980 15.890
-11.504 0.000 -9.980 15.243
-10.724 0.000 -9.980 14.663
-10.000 0.000 -9.980 14.142
-9.325 0.000 -9.980 13.673
-8.693 0.000 -9.980 13.250
-8.098 0.000 -9.980 12.868
-7.536 0.000 -9.980 12.521
-7.002 0.000 -9.980 12.208
-6.494 0.000 -9.980 11.924
-6.009 0.000 -9.980 11.666
-5.543 0.000 -9.980 11.434
-5.095 0.000 -9.980 11.223
-4.663 0.000 -9.980 11.034
-4.245 0.000 -9.980 10.864
-3.839 0.000 -9.980 10.711
-3.443 0.000 -9.980 10.576
-3.057 0.000 -9.980 10.457
-2.679 0.000 -9.980 10.353
-2.309 0.000 -9.980 10.263
-1.944 0.000 -9.980 10.187
-1.584 0.000 -9.980 10.125
-1.228 0.000 -9.980 10.075
-0.875 0.000 -9.980 10.038
-0.524 0.000 -9.980 10.014
-0.175 0.000 -9.980 10.002
0.175 0.000 -9.980 10.002
0.524 0.000 -9.980 10.014
0.875 0.000 -9.980 10.038
1.228 0.000 -9.980 10.075
1.584 0.000 -9.980 10.125
1.944 0.000 -9.980 10.187
2.309 0.000 -9.980 10.263
2.679 0.000 -9.980 10.353
3.057 0.000 -9.980 10.457
3.443 0.000 -9.980 10.576
3.839 0.000 -9.980 10.711
4.245 0.000 -9.980 10.864
4.663 0.000 -9.980 11.034
5.095 0.000 -9.980 11.223
5.543 0.000 -9.980 11.434
6.009 0.000 -9.980 11.666
6.494 0.000 -9.980 11.924
7.002 0.000 -9.980 12.208
7.536 0.000 -9.980 12.521
8.098 0.000 -9.980 12.868
8.693 0.000 -9.980 13.250
9.325 0.000 -9.980 13.673
10.000 0.000 -9.980 14.142
10.724 0.000 -9.980 14.663
11.504 0.000 -9.980 15.243
12.349 0.000 -9.980 15.890
13.270 0.000 -9.980 16.616
14.281 0.000 -9.980 17.434
15.399 0.000 -9.980 18.361
16.643 0.000 -9.980 19.416
-16.643 0.000 -9.640 19.416
-15.399 0.000 -9.640 18.361
-14.281 0.000 -9.640 17.434
-13.270 0.000 -9.640 16.616
-12.349 0.000 -9.640 15.890
-11.504 0.000 -9.640 15.243
-10.724 0.000 -9.640 14.663
-10.000 0.000 -9.640 14.142
-9.325 0.000 -9.640 13.673
-8.693 0.000 -9.640 13.250
-8.098 0.000 -9.640 12.868
-7.536 0.000 -9.640 12.521
-7.002 0.000 -9.640 12.208
-6.494 0.000 -9.640 11.924
-6.009 0.000 -9.640 11.666
-5.543 0.000 -9.640 11.434
-5.095 0.000 -9.640 11.223
-4.663 0.000 -9.640 11.034
-4.245 0.000 -9.640 10.864
-3.839 0.000 -9.640 10.711
-3.443 0.000 -9.640 10.576
-3.057 0.000 -9.640 10.457
-2.679 0.000 -9.640 10.353
-2.309 0.000 -9.640 10.263
-1.944 0.000 -9.640 10.187
-1.584 0.000 -9.640 10.125
-1.228 0.000 -9.640 10.075
-0.875 0.000 -9.640 10.038
-0.524 0.000 -9.640 10.014
-0.175 0.000 -9.640 10.002
0.175 0.000 -9.640 10.002
0.524 0.000 -9.640 10.014
0.875 0.000 -9.640 10.038
1.228 0.000 -9.640 10.075
1.584 0.000 -9.640 10.125
1.944 0.000 -9.640 10.187
2.309 0.000 -9.640 10.263
2.679 0.000 -9.640 10.353
3.057 0.000 -9.640 10.457
3.443 0.000 -9.640 10.576
3.839 0.000 -9.640 10.711
4.245 0.000 -9.640 10.864
4.663 0.000 -9.640 11.034
5.095 0.000 -9.640 11.223
5.543 0.000 -9.640 11.434
6.009 0.000 -9.640 11.666
6.494 0.000 -9.640 11.924
7.002 0.000 -9.640 12.208
7.536 0.000 -9.640 12.521
8.098 0.000 -9.640 12.868
8.693 0.000 -9.640 13.250
9.325 0.000 -9.640 13.673
10.000 0.000 -9.640 14.142
10.724 0.000 -9.640 14.663
11.504 0.000 -9.640 15.243
12.349 0.000 -9.640 15.890
13.270 0.000 -9.640 16.616
14.281 0.000 -9.640 17.434
15.399 0.000 -9.640 18.361
16.643 0.000 -9.640 19.416
-16.643 0.000 -9.300 19.416
-15.399 0.000 -9.300 18.361
-14.281 0.000 -9.300 17.434
-13.270 0.000 -9.300 16.616
-12.349 0.000 -9.300 15.890
-11.504 0.000 -9.300 15.243
-10.724 0.000 -9.300 14.663
-10.000 0.000 -9.300 14.142
-9.325 0.000 -9.300 13.673
-8.693 0.000 -9.300 13.250
-8.098 0.000 -9.300 12.868
-7.536 0.000 -9.300 12.521
-7.002 0.000 -9.300 12.208
-6.494 0.000 -9.300 11.924
-6.009 0.000 -9.300 11.666
-5.543 0.000 -9.300 11.434
-5.095 0.000 -9.300 11.223
-4.663 0.000 -9.300 11.034
-4.245 0.000 -9.300 10.864
-3.839 0.000 -9.300 10.711
-3.443 0.000 -9.300 10.576
-3.057 0.000 -9.300 10.457
-2.679 0.000 -9.300 10.353
-2.309 0.000 -9.300 10.263
-1.944 0.000 -9.300 10.187
-1.584 0.000 -9.300 10.125
-1.228 0.000 -9.300 10.075
-0.875 0.000 -9.300 10.038
-0.524 0.000 -9.300 10.014
-0.175 0.000 -9.300 10.002
0.175 0.000 -9.300 10.002
0.524 0.000 -9.300 10.014
0.875 0.000 -9.300 10.038
1.228 0.000 -9.300 10.075
1.584 0.000 -9.300 10.125
1.944 0.000 -9.300 10.187
2.309 0.000 -9.300 10.263
2.679 0.000 -9.300 10.353
3.057 0.000 -9.300 10.457
3.443 0.000 -9.300 10.576
3.839 0.000 -9.300 10.711
4.245 0.000 -9.300 10.864
4.663 0.000 -9.300 11.034
5.095 0.000 -9.300 11.223
5.543 0.000 -9.300 11.434
6.009 0.000 -9.300 11.666
6.494 0.000 -9.300 11.924
7.002 0.000 -9.300 12.208
7.536 0.000 -9.300 12.521
8.098 0.000 -9.300 12.868
8.693 0.000 -9.300 13.250
9.325 0.000 -9.300 13.673
10.000 0.000 -9.300 14.142
10.724 0.000 -9.300 14.663
11.504 0.000 -9.300 15.243
12.349 0.000 -9.300 15.890
13.270 0.000 -9.300 16.616
14.281 0.000 -9.300 17.434
15.399 0.000 -9.300 18.361
16.643 0.000 -9.300 19.416
-16.643 0.000 -8.960 19.416
-15.399 0.000 -8.960 18.361
-14.281 0.000 -8.960 17.434
-13.270 0.000 -8.960 16.616
-12.349 0.000 -8.960 15.890
-11.504 0.000 -8.960 15.243
-10.724 0.000 -8.960 14.663
-10.000 0.000 -8.960 14.142
-9.325 0.000 -8.960 13.673
-8.693 0.000 -8.960 13.250
-8.098 0.000 -8.960 12.868
-7.536 0.000 -8.960 12.521
-7.002 0.000 -8.960 12.208
-6.494 0.000 -8.960 11.924
-6.009 0.000 -8.960 11.666
-5.543 0.000 -8.960 11.434
-5.095 0.000 -8.960 11.223
-4.663 0.000 -8.960 11.034
-4.245 0.000 -8.960 10.864
-3.839 0.000 -8.960 10.711
-3.443 0.000 -8.960 10.576
-3.057 0.000 -8.960 10.457
-2.679 0.000 -8.960 10.353
-2.309 0.000 -8.960 10.263
-1.944 0.000 -8.960 10.187
-1.584 0.000 -8.960 10.125
-1.228 0.000 -8.960 10.075
-0.875 0.000 -8.960 10.038
-0.524 0.000 -8.960 10.014
-0.175 0.000 -8.960 10.002
0.175 0.000 -8.960 10.002
0.524 0.000 -8.960 10.014
0.875 0.000 -8.960 10.038
1.228 0.000 -8.960 10.075
1.584 0.000 -8.960 10.125
1.944 0.000 -8.960 10.187
2.309 0.000 -8.960 10.263
2.679 0.000 -8.960 10.353
3.057 0.000 -8.960 10.457
3.443 0.000 -8.960 10.576
3.839 0.000 -8.960 10.711
4.245 0.000 -8.960 10.864
4.663 0.000 -8.960 11.034
5.095 0.000 -8.960 11.223
5.543 0.000 -8.960 11.434
6.009 0.000 -8.960 11.666
6.494 0.000 -8.960 11.924
7.002 0.000 -8.960 12.208
7.536 0.000 -8.960 12.521
8.098 0.000 -8.960 12.868
8.693 0.000 -8.960 13.250
9.325 0.000 -8.960 13.673
10.000 0.000 -8.960 14.142
10.724 0.000 -8.960 14.663
11.504 0.000 -8.960 15.243
12.349 0.000 -8.960 15.890
13.270 0.000 -8.960 16.616
14.281 0.000 -8.960 17.434
15.399 0.000 -8.960 18.361
16.643 0.000 -8.960 19.416
-16.643 0.000 -8.620 19.416
-15.399 0.000 -8.620 18.361
-14.281 0.000 -8.620 17.434
-13.270 0.000 -8.620 16.616
-12.349 0.000 -8.620 15.890
-11.504 0.000 -8.620 15.243
-10.724 0.000 -8.620 14.663
-10.000 0.000 -8.620 14.142
-9.325 0.000 -8.620 13.673
-8.693 0.000 -8.620 13.250
-8.098 0.000 -8.620 12.868
-7.536 0.000 -8.620 12.521
-7.002 0.000 -8.620 12.208
-6.494 0.000 -8.620 11.924
-6.009 0.000 -8.620 11.666
-5.543 0.000 -8.620 11.434
-5.095 0.000 -8.620 11.223
-4.663 0.000 -8.620 11.034
-4.245 0.000 -8.620 10.864
-3.839 0.000 -8.620 10.711
-3.443 0.000 -8.620 10.576
-3.057 0.000 -8.620 10.457
-2.679 0.000 -8.620 10.353
-2.309 0.000 -8.620 10.263
-1.944 0.000 -8.620 10.187
-1.584 0.000 -8.620 10.125
-1.228 0.000 -8.620 10.075
-0.875 0.000 -8.620 10.038
-0.524 0.000 -8.620 10.014
-0.175 0.000 -8.620 10.002
0.175 0.000 -8.620 10.002
0.524 0.000 -8.620 10.014
0.875 0.000 -8.620 10.038
1.228 0.000 -8.620 10.075
1.584 0.000 -8.620 10.125
1.944 0.000 -8.620 10.187
2.309 0.000 -8.620 10.263
2.679 0.000 -8.620 10.353
3.057 0.000 -8.620 10.457
3.443 0.000 -8.620 10.576
3.839 0.000 -8.620 10.711
4.245 0.000 -8.620 10.864
4.663 0.000 -8.620 11.034
5.095 0.000 -8.620 11.223
5.543 0.000 -8.620 11.434
6.009 0.000 -8.620 11.666
6.494 0.000 -8.620 11.924
7.002 0.000 -8.620 12.208
7.536 0.000 -8.620 12.521
8.098 0.000 -8.620 12.868
8.693 0.000 -8.620 13.250
9.325 0.000 -8.620 13.673
10.000 0.000 -8.620 14.142
10.724 0.000 -8.620 14.663
11.504 0.000 -8.620 15.243
12.349 0.000 -8.620 15.890
13.270 0.000 -8.620 16.616
14.281 0.000 -8.620 17.434
15.399 0.000 -8.620 18.361
16.643 0.000 -8.620 19.416
-16.643 0.000 -8.280 19.416
-15.399 0.000 -8.280 18.361
-14.281 0.000 -8.280 17.434
-13.270 0.000 -8.280 16.616
-12.349 0.000 -8.280 15.890
-11.504 0.000 -8.280 15.243
-10.724 0.000 -8.280 14.663
-10.000 0.000 -8.280 14.142
-9.325 0.000 -8.280 13.673
-8.693 0.000 -8.280 13.250
-8.098 0.000 -8.280 12.868
-7.536 0.000 -8.280 12.521
-7.002 0.000 -8.280 12.208
-6.494 0.000 -8.280 11.924
-6.009 0.000 -8.280 11.666
-5.543 0.000 -8.280 11.434
-5.095 0.000 -8.280 11.223
-4.663 0.000 -8.280 11.034
-4.245 0.000 -8.280 10.864
-3.839 0.000 -8.280 10.711
-3.443 0.000 -8.280 10.576
-3.057 0.000 -8.280 10.457
-2.679 0.000 -8.280 10.353
-2.309 0.000 -8.280 10.263
-1.944 0.000 -8.280 10.187
-1.584 0.000 -8.280 10.125
-1.228 0.000 -8.280 10.075
-0.875 0.000 -8.280 10.038
-0.524 0.000 -8.280 10.014
-0.175 0.000 -8.280 10.002
0.175 0.000 -8.280 10.002
0.524 0.000 -8.280 10.014
0.875 0.000 -8.280 10.038
1.228 0.000 -8.280 10.075
1.584 0.000 -8.280 10.125
1.944 0.000 -8.280 10.187
2.309 0.000 -8.280 10.263
2.679 0.000 -8.280 10.353
3.057 0.000 -8.280 10.457
3.443 0.000 -8.280 10.576
3.839 0.000 -8.280 10.711
4.245 0.000 -8.280 10.864
4.663 0.000 -8.280 11.034
5.095 0.000 -8.280 11.223
5.543 0.000 -8.280 11.434
6.009 0.000 -8.280 11.666
6.494 0.000 -8.280 11.924
7.002 0.000 -8.280 12.208
7.536 0.000 -8.280 12.521
8.098 0.000 -8.280 12.868
8.693 0.000 -8.280 13.250
9.325 0.000 -8.280 13.673
10.000 0.000 -8.280 14.142
10.724 0.000 -8.280 14.663
11.504 0.000 -8.280 15.243
12.349 0.000 -8.280 15.890
13.270 0.000 -8.280 16.616
14.281 0.000 -8.280 17.434
15.399 0.000 -8.280 18.361
16.643 0.000 -8.280 19.416
-16.643 0.000 -7.940 19.416
-15.399 0.000 -7.940 18.361
-14.281 0.000 -7.940 17.434
-13.270 0.000 -7.940 16.616
-12.349 0.000 -7.940 15.890
-11.504 0.000 -7.940 15.243
-10.724 0.000 -7.940 14.663
-10.000 0.000 -7.940 14.142
-9.325 0.000 -7.940 13.673
-8.693 0.000 -7.940 13.250
-8.098 0.000 -7.940 12.868
-7.536 0.000 -7.940 12.521
-7.002 0.000 -7.940 12.208
-6.494 0.000 -7.940 11.924
-6.009 0.000 -7.940 11.666
-5.543 0.000 -7.940 11.434
-5.095 0.000 -7.940 11.223
-4.663 0.000 -7.940 11.034
-4.245 0.000 -7.940 10.864
-3.839 0.000 -7.940 10.711
-3.443 0.000 -7.940 10.576
-3.057 0.000 -7.940 10.457
-2.679 0.000 -7.940 10.353
-2.309 0.000 -7.940 10.263
-1.944 0.000 -7.940 10.187
-1.584 0.000 -7.940 10.125
-1.228 0.000 -7.940 10.075
-0.875 0.000 -7.940 10.038
-0.524 0.000 -7.940 10.014
-0.175 0.000 -7.940 10.002
0.175 0.000 -7.940 10.002
0.524 0.000 -7.940 10.014
0.875 0.000 -7.940 10.038
1.228 0.000 -7.940 10.075
1.584 0.000 -7.940 10.125
1.944 0.000 -7.940 10.187
2.309 0.000 -7.940 10.263
2.679 0.000 -7.940 10.353
3.057 0.000 -7.940 10.457
3.443 0.000 -7.940 10.576
3.839 0.000 -7.940 10.711
4.245 0.000 -7.940 10.864
4.663 0.000 -7.940 11.034
5.095 0.000 -7.940 11.223
5.543 0.000 -7.940 11.434
6.009 0.000 -7.940 11.666
6.494 0.000 -7.940 11.924
7.002 0.000 -7.940 12.208
7.536 0.000 -7.940 12.521
8.098 0.000 -7.940 12.868
8.693 0.000 -7.940 13.250
9.325 0.000 -7.940 13.673
10.000 0.000 -7.940 14.142
10.724 0.000 -7.940 14.663
11.504 0.000 -7.940 15.243
12.349 0.000 -7.940 15.890
13.270 0.000 -7.940 16.616
14.281 0.000 -7.940 17.434
15.399 0.000 -7.940 18.361
16.643 0.000 -7.940 19.416
-16.643 0.000 -7.600 19.416
-15.399 0.000 -7.600 18.361
-14.281 0.000 -7.600 17.434
-13.270 0.000 -7.600 16.616
-12.349 0.000 -7.600 15.890
-11.504 0.000 -7.600 15.243
-10.724 0.000 -7.600 14.663
-10.000 0.000 -7.600 14.142
-9.325 0.000 -7.600 13.673
-8.693 0.000 -7.600 13.250
-8.098 0.000 -7.600 12.868
-7.536 0.000 -7.600 12.521
-7.002 0.000 -7.600 12.208
-6.494 0.000 -7.600 11.924
-6.009 0.000 -7.600 11.666
-5.543 0.000 -7.600 11.434
-5.095 0.000 -7.600 11.223
-4.663 0.000 -7.600 11.034
-4.245 0.000 -7.600 10.864
-3.839 0.000 -7.600 10.711
-3.443 0.000 -7.600 10.576
-3.057 0.000 -7.600 10.457
-2.679 0.000 -7.600 10.353
-2.309 0.000 -7.600 10.263
-1.944 0.000 -7.600 10.187
-1.584 0.000 -7.600 10.125
-1.228 0.000 -7.600 10.075
-0.875 0.000 -7.600 10.038
-0.524 0.000 -7.600 10.014
-0.175 0.000 -7.600 10.002
0.175 0.000 -7.600 10.002
0.524 0.000 -7.600 10.014
0.875 0.000 -7.600 10.038
1.228 0.000 -7.600 10.075
1.584 0.000 -7.600 10.125
1.944 0.000 -7.600 10.187
2.309 0.000 -7.600 10.263
2.679 0.000 -7.600 10.353
3.057 0.000 -7.600 10.457
3.443 0.000 -7.600 10.576
3.839 0.000 -7.600 10.711
4.245 0.000 -7.600 10.864
4.663 0.000 -7.600 11.034
5.095 0.000 -7.600 11.223
5.543 0.000 -7.600 11.434
6.009 0.000 -7.600 11.666
6.494 0.000 -7.600 11.924
7.002 0.000 -7.600 12.208
7.536 0.000 -7.600 12.521
8.098 0.000 -7.600 12.868
8.693 0.000 -7.600 13.250
9.325 0.000 -7.600 13.673
10.000 0.000 -7.600 14.142
10.724 0.000 -7.600 14.663
11.504 0.000 -7.600 15.243
12.349 0.000 -7.600 15.890
13.270 0.000 -7.600 16.616
14.281 0.000 -7.600 17.434
15.399 0.000 -7.600 18.361
16.643 0.000 -7.600 19.416
-16.643 0.000 -7.260 19.416
-15.399 0.000 -7.260 18.361
-14.281 0.000 -7.260 17.434
-13.270 0.000 -7.260 16.616
-12.349 0.000 -7.260 15.890
-11.504 0.000 -7.260 15.243
-10.724 0.000 -7.260 14.663
-10.000 0.000 -7.260 14.142
-9.325 0.000 -7.260 13.673
-8.693 0.000 -7.260 13.250
-8.098 0.000 -7.260 12.868
-7.536 0.000 -7.260 12.521
-7.002 0.000 -7.260 12.208
-6.494 0.000 -7.260 11.924
-6.009 0.000 -7.260 11.666
-5.543 0.000 -7.260 11.434
-5.095 0.000 -7.260 11.223
-4.663 0.000 -7.260 11.034
-4.245 0.000 -7.260 10.864
-3.839 0.000 -7.260 10.711
-3.443 0.000 -7.260 10.576
-3.057 0.000 -7.260 10.457
-2.679 0.000 -7.260 10.353
-2.309 0.000 -7.260 10.263
-1.944 0.000 -7.260 10.187
-1.584 0.000 -7.260 10.125
-1.228 0.000 -7.260 10.075
-0.875 0.000 -7.260 10.038
-0.524 0.000 -7.260 10.014
-0.175 0.000 -7.260 10.002
0.175 0.000 -7.260 10.002
0.524 0.000 -7.260 10.014
0.875 0.000 -7.260 10.038
1.228 0.000 -7.260 10.075
1.584 0.000 -7.260 10.125
1.944 0.000 -7.260 10.187
2.309 0.000 -7.260 10.263
2.679 0.000 -7.260 10.353
3.057 0.000 -7.260 10.457
3.443 0.000 -7.260 10.576
3.839 0.000 -7.260 10.711
4.245 0.000 -7.260 10.864
4.663 0.000 -7.260 11.034
5.095 0.000 -7.260 11.223
5.543 0.000 -7.260 11.434
6.009 0.000 -7.260 11.666
6.494 0.000 -7.260 11.924
7.002 0.000 -7.260 12.208
7.536 0.000 -7.260 12.521
8.098 0.000 -7.260 12.868
8.693 0.000 -7.260 13.250
9.325 0.000 -7.260 13.673
10.000 0.000 -7.260 14.142
10.724 0.000 -7.260 14.663
11.504 0.000 -7.260 15.243
12.349 0.000 -7.260 15.890
13.270 0.000 -7.260 16.616
14.281 0.000 -7.260 17.434
15.399 0.000 -7.260 18.361
16.643 0.000 -7.260 19.416
-16.643 0.000 -6.920 19.416
-15.399 0.000 -6.920 18.361
-14.281 0.000 -6.920 17.434
-13.270 0.000 -6.920 16.616
-12.349 0.000 -6.920 15.890
-11.504 0.000 -6.920 15.243
-10.724 0.000 -6.920 14.663
-10.000 0.000 -6.920 14.142
-9.325 0.000 -6.920 13.673
-8.693 0.000 -6.920 13.250
-8.098 0.000 -6.920 12.868
-7.536 0.000 -6.920 12.521
-7.002 0.000 -6.920 12.208
-6.494 0.000 -6.920 11.924
-6.009 0.000 -6.920 11.666
-5.543 0.000 -6.920 11.434
-5.095 0.000 -6.920 11.223
-4.663 0.000 -6.920 11.034
-4.245 0.000 -6.920 10.864
-3.839 0.000 -6.920 10.711
-3.443 0.000 -6.920 10.576
-3.057 0.000 -6.920 10.457
-2.679 0.000 -6.920 10.353
-2.309 0.000 -6.920 10.263
-1.944 0.000 -6.920 10.187
-1.584 0.000 -6.920 10.125
-1.228 0.000 -6.920 10.075
-0.875 0.000 -6.920 10.038
-0.524 0.000 -6.920 10.014
-0.175 0.000 -6.920 10.002
0.175 0.000 -6.920 10.002
0.524 0.000 -6.920 10.014
0.875 0.000 -6.920 10.038
1.228 0.000 -6.920 10.075
1.584 0.000 -6.920 10.125
1.944 0.000 -6.920 10.187
2.309 0.000 -6.920 10.263
2.679 0.000 -6.920 10.353
3.057 0.000 -6.920 10.457
3.443 0.000 -6.920 10.576
3.839 0.000 -6.920 10.711
4.245 0.000 -6.920 10.864
4.663 0.000 -6.920 11.034
5.095 0.000 -6.920 11.223
5.543 0.000 -6.920 11.434
6.009 0.000 -6.920 11.666
6.494 0.000 -6.920 11.924
7.002 0.000 -6.920 12.208
7.536 0.000 -6.920 12.521
8.098 0.000 -6.920 12.868
8.693 0.000 -6.920 13.250
9.325 0.000 -6.920 13.673
10.000 0.000 -6.920 14.142
10.724 0.000 -6.920 14.663
11.504 0.000 -6.920 15.243
12.349 0.000 -6.920 15.890
13.270 0.000 -6.920 16.616
14.281 0.000 -6.920 17.434
15.399 0.000 -6.920 18.361
16.643 0.000 -6.920 19.416
-16.643 0.000 -6.580 19.416
-15.399 0.000 -6.580 18.361
-14.281 0.000 -6.580 17.434
-13.270 0.000 -6.580 16.616
-12.349 0.000 -6.580 15.890
-11.504 0.000 -6.580 15.243
-10.724 0.000 -6.580 14.663
-10.000 0.000 -6.580 14.142
-9.325 0.000 -6.580 13.673
-8.693 0.000 -6.580 13.250
-8.098 0.000 -6.580 12.868
-7.536 0.000 -6.580 12.521
-7.002 0.000 -6.580 12.208
-6.494 0.000 -6.580 11.924
-6.009 0.000 -6.580 11.666
-5.543 0.000 -6.580 11.434
-5.095 0.000 -6.580 11.223
-4.663 0.000 -6.580 11.034
-4.245 0.000 -6.580 10.864
-3.839 0.000 -6.580 10.711
-3.443 0.000 -6.580 10.576
-3.057 0.000 -6.580 10.457
-2.679 0.000 -6.580 10.353
-2.309 0.000 -6.580 10.263
-1.944 0.000 -6.580 10.187
-1.584 0.000 -6.580 10.125
-1.228 0.000 -6.580 10.075
-0.875 0.000 -6.580 10.038
-0.524 0.000 -6.580 10.014
-0.175 0.000 -6.580 10.002
0.175 0.000 -6.580 10.002
0.524 0.000 -6.580 10.014
0.875 0.000 -6.580 10.038
1.228 0.000 -6.580 10.075
1.584 0.000 -6.580 10.125
1.944 0.000 -6.580 10.187
2.309 0.000 -6.580 10.263
2.679 0.000 -6.580 10.353
3.057 0.000 -6.580 10.457
3.443 0.000 -6.580 10.576
3.839 0.000 -6.580 10.711
4.245 0.000 -6.580 10.864
4.663 0.000 -6.580 11.034
5.095 0.000 -6.580 11.223
5.543 0.000 -6.580 11.434
6.009 0.000 -6.580 11.666
6.494 0.000 -6.580 11.924
7.002 0.000 -6.580 12.208
7.536 0.000 -6.580 12.521
8.098 0.000 -6.580 12.868
8.693 0.000 -6.580 13.250
9.325 0.000 -6.580 13.673
10.000 0.000 -6.580 14.142
10.724 0.000 -6.580 14.663
11.504 0.000 -6.580 15.243
12.349 0.000 -6.580 15.890
13.270 0.000 -6.580 16.616
14.281 0.000 -6.580 17.434
15.399 0.000 -6.580 18.361
16.643 0.000 -6.580 19.416
-16.643 0.000 -6.240 19.416
-15.399 0.000 -6.240 18.361
-14.281 0.000 -6.240 17.434
-13.270 0.000 -6.240 16.616
-12.349 0.000 -6.240 15.890
-11.504 0.000 -6.240 15.243
-10.724 0.000 -6.240 14.663
-10.000 0.000 -6.240 14.142
-9.325 0.000 -6.240 13.673
-8.693 0.000 -6.240 13.250
-8.098 0.000 -6.240 12.868
-7.536 0.000 -6.240 12.521
-7.002 0.000 -6.240 12.208
-6.494 0.000 -6.240 11.924
-6.009 0.000 -6.240 11.666
-5.543 0.000 -6.240 11.434
-5.095 0.000 -6.240 11.223
-4.663 0.000 -6.240 11.034
-4.245 0.000 -6.240 10.864
-3.839 0.000 -6.240 10.711
-3.443 0.000 -6.240 10.576
-3.057 0.000 -6.240 10.457
-2.679 0.000 -6.240 10.353
-2.309 0.000 -6.240 10.263
-1.944 0.000 -6.240 10.187
-1.584 0.000 -6.240 10.125
-1.228 0.000 -6.240 10.075
-0.875 0.000 -6.240 10.038
-0.524 0.000 -6.240 10.014
-0.175 0.000 -6.240 10.002
0.175 0.000 -6.240 10.002
0.524 0.000 -6.240 10.014
0.875 0.000 -6.240 10.038
1.228 0.000 -6.240 10.075
1.584 0.000 -6.240 10.125
1.944 0.000 -6.240 10.187
2.309 0.000 -6.240 10.263
2.679 0.000 -6.240 10.353
3.057 0.000 -6.240 10.457
3.443 0.000 -6.240 10.576
3.839 0.000 -6.240 10.711
4.245 0.000 -6.240 10.864
4.663 0.000 -6.240 11.034
5.095 0.000 -6.240 11.223
5.543 0.000 -6.240 11.434
6.009 0.000 -6.240 11.666
6.494 0.000 -6.240 11.924
7.002 0.000 -6.240 12.208
7.536 0.000 -6.240 12.521
8.098 0.000 -6.240 12.868
8.693 0.000 -6.240 13.250
9.325 0.000 -6.240 13.673
10.000 0.000 -6.240 14.142
10.724 0.000 -6.240 14.663
11.504 0.000 -6.240 15.243
12.349 0.000 -6.240 15.890
13.270 0.000 -6.240 16.616
14.281 0.000 -6.240 17.434
15.399 0.000 -6.240 18.361
16.643 0.000 -6.240 19.416
-16.643 0.000 -5.900 19.416
-15.399 0.000 -5.900 18.361
-14.281 0.000 -5.900 17.434
-13.270 0.000 -5.900 16.616
-12.349 0.000 -5.900 15.890
-11.504 0.000 -5.900 15.243
-10.724 0.000 -5.900 14.663
-10.000 0.000 -5.900 14.142
-9.325 0.000 -5.900 13.673
-8.693 0.000 -5.900 13.250
-8.098 0.000 -5.900 12.868
-7.536 0.000 -5.900 12.521
-7.002 0.000 -5.900 12.208
-6.494 0.000 -5.900 11.924
-6.009 0.000 -5.900 11.666
-5.543 0.000 -5.900 11.434
-5.095 0.000 -5.900 11.223
-4.663 0.000 -5.900 11.034
-4.245 0.000 -5.900 10.864
-3.839 0.000 -5.900 10.711
-3.443 0.000 -5.900 10.576
-3.057 0.000 -5.900 10.457
-2.679 0.000 -5.900 10.353
-2.309 0.000 -5.900 10.263
-1.944 0.000 -5.900 10.187
-1.584 0.000 -5.900 10.125
-1.228 0.000 -5.900 10.075
-0.875 0.000 -5.900 10.038
-0.524 0.000 -5.900 10.014
-0.175 0.000 -5.900 10.002
0.175 0.000 -5.900 10.002
0.524 0.000 -5.900 10.014
0.875 0.000 -5.900 10.038
1.228 0.000 -5.900 10.075
1.584 0.000 -5.900 10.125
1.944 0.000 -5.900 10.187
2.309 0.000 -5.900 10.263
2.679 0.000 -5.900 10.353
3.057 0.000 -5.900 10.457
3.443 0.000 -5.900 10.576
3.839 0.000 -5.900 10.711
4.245 0.000 -5.900 10.864
4.663 0.000 -5.900 11.034
5.095 0.000 -5.900 11.223
5.543 0.000 -5.900 11.434
6.009 0.000 -5.900 11.666
6.494 0.000 -5.900 11.924
7.002 0.000 -5.900 12.208
7.536 0.000 -5.900 12.521
8.098 0.000 -5.900 12.868
8.693 0.000 -5.900 13.250
9.325 0.000 -5.900 13.673
10.000 0.000 -5.900 14.142
10.724 0.000 -5.900 14.663
11.504 0.000 -5.900 15.243
12.349 0.000 -5.900 15.890
13.270 0.000 -5.900 16.616
14.281 0.000 -5.900 17.434
15.399 0.000 -5.900 18.361
16.643 0.000 -5.900 19.416
-16.643 0.000 -5.560 19.416
-15.399 0.000 -5.560 18.361
-14.281 0.000 -5.560 17.434
-13.270 0.000 -5.560 16.616
-12.349 0.000 -5.560 15.890
-11.504 0.000 -5.560 15.243
-10.724 0.000 -5.560 14.663
-10.000 0.000 -5.560 14.142
-9.325 0.000 -5.560 13.673
-8.693 0.000 -5.560 13.250
-8.098 0.000 -5.560 12.868
-7.536 0.000 -5.560 12.521
-7.002 0.000 -5.560 12.208
-6.494 0.000 -5.560 11.924
-6.009 0.000 -5.560 11.666
-5.543 0.000 -5.560 11.434
-5.095 0.000 -5.560 11.223
-4.663 0.000 -5.560 11.034
-4.245 0.000 -5.560 10.864
-3.839 0.000 -5.560 10.711
-3.443 0.000 -5.560 10.576
-3.057 0.000 -5.560 10.457
-2.679 0.000 -5.560 10.353
-2.309 0.000 -5.560 10.263
-1.944 0.000 -5.560 10.187
-1.584 0.000 -5.560 10.125
-1.228 0.000 -5.560 10.075
-0.875 0.000 -5.560 10.038
-0.524 0.000 -5.560 10.014
-0.175 0.000 -5.560 10.002
0.175 0.000 -5.560 10.002
0.524 0.000 -5.560 10.014
0.875 0.000 -5.560 10.038
1.228 0.000 -5.560 10.075
1.584 0.000 -5.560 10.125
1.944 0.000 -5.560 10.187
2.309 0.000 -5.560 10.263
2.679 0.000 -5.560 10.353
3.057 0.000 -5.560 10.457
3.443 0.000 -5.560 10.576
3.839 0.000 -5.560 10.711
4.245 0.000 -5.560 10.864
4.663 0.000 -5.560 11.034
5.095 0.000 -5.560 11.223
5.543 0.000 -5.560 11.434
6.009 0.000 -5.560 11.666
6.494 0.000 -5.560 11.924
7.002 0.000 -5.560 12.208
7.536 0.000 -5.560 12.521
8.098 0.000 -5.560 12.868
8.693 0.000 -5.560 13.250
9.325 0.000 -5.560 13.673
10.000 0.000 -5.560 14.142
10.724 0.000 -5.560 14.663
11.504 0.000 -5.560 15.243
12.349 0.000 -5.560 15.890
13.270 0.000 -5.560 16.616
14.281 0.000 -5.560 17.434
15.399 0.000 -5.560 18.361
16.643 0.000 -5.560 19.416
-16.643 0.000 -5.220 19.416
-15.399 0.000 -5.220 18.361
-14.281 0.000 -5.220 17.434
-13.270 0.000 -5.220 16.616
-12.349 0.000 -5.220 15.890
-11.504 0.000 -5.220 15.243
-10.724 0.000 -5.220 14.663
-10.000 0.000 -5.220 14.142
-9.325 0.000 -5.220 13.673
-8.693 0.000 -5.220 13.250
-8.098 0.000 -5.220 12.868
-7.536 0.000 -5.220 12.521
-7.002 0.000 -5.220 12.208
-6.494 0.000 -5.220 11.924
-6.009 0.000 -5.220 11.666
-5.543 0.000 -5.220 11.434
-5.095 0.000 -5.220 11.223
-4.663 0.000 -5.220 11.034
-4.245 0.000 -5.220 10.864
-3.839 0.000 -5.220 10.711
-3.443 0.000 -5.220 10.576
-3.057 0.000 -5.220 10.457
-2.679 0.000 -5.220 10.353
-2.309 0.000 -5.220 10.263
-1.944 0.000 -5.220 10.187
-1.584 0.000 -5.220 10.125
-1.228 0.000 -5.220 10.075
-0.875 0.000 -5.220 10.038
-0.524 0.000 -5.220 10.014
-0.175 0.000 -5.220 10.002
0.175 0.000 -5.220 10.002
0.524 0.000 -5.220 10.014
0.875 0.000 -5.220 10.038
1.228 0.000 -5.220 10.075
1.584 0.000 -5.220 10.125
1.676 1.380 -5.220 8.781
1.886 1.832 -5.220 8.383
2.679 0.000 -5.220 10.353
3.057 0.000 -5.220 10.457
3.443 0.000 -5.220 10.576
3.839 0.000 -5.220 10.711
4.245 0.000 -5.220 10.864
4.663 0.000 -5.220 11.034
5.095 0.000 -5.220 11.223
5.543 0.000 -5.220 11.434
6.009 0.000 -5.220 11.666
6.494 0.000 -5.220 11.924
7.002 0.000 -5.220 12.208
7.536 0.000 -5.220 12.521
8.098 0.000 -5.220 12.868
8.693 0.000 -5.220 13.250
9.325 0.000 -5.220 13.673
10.000 0.000 -5.220 14.142
10.724 0.000 -5.220 14.663
11.504 0.000 -5.220 15.243
12.349 0.000 -5.220 15.890
13.270 0.000 -5.220 16.616
14.281 0.000 -5.220 17.434
15.399 0.000 -5.220 18.361
16.643 0.000 -5.220 19.416
-16.643 0.000 -4.880 19.416
-15.399 0.000 -4.880 18.361
-14.281 0.000 -4.880 17.434
-13.270 0.000 -4.880 16.616
-12.349 0.000 -4.880 15.890
-11.504 0.000 -4.880 15.243
-10.724 0.000 -4.880 14.663
-10.000 0.000 -4.880 14.142
-9.325 0.000 -4.880 13.673
-8.693 0.000 -4.880 13.250
-8.098 0.000 -4.880 12.868
-7.536 0.000 -4.880 12.521
-7.002 0.000 -4.880 12.208
-6.494 0.000 -4.880 11.924
-6.009 0.000 -4.880 11.666
-5.543 0.000 -4.880 11.434
-5.095 0.000 -4.880 11.223
-4.663 0.000 -4.880 11.034
-4.245 0.000 -4.880 10.864
-3.839 0.000 -4.880 10.711
-3.443 0.000 -4.880 10.576
-3.057 0.000 -4.880 10.457
-2.679 0.000 -4.880 10.353
-2.309 0.000 -4.880 10.263
-1.944 0.000 -4.880 10.187
-1.584 0.000 -4.880 10.125
-1.228 0.000 -4.880 10.075
-0.875 0.000 -4.880 10.038
-0.524 0.000 -4.880 10.014
-0.175 0.000 -4.880 10.002
0.175 0.000 -4.880 10.002
0.524 0.000 -4.880 10.014
0.875 0.000 -4.880 10.038
1.228 0.000 -4.880 10.075
1.288 1.870 -4.880 8.232
1.574 1.901 -4.880 8.250
1.870 1.901 -4.880 8.312
2.679 0.000 -4.880 10.353
3.057 0.000 -4.880 10.457
3.443 0.000 -4.880 10.576
3.839 0.000 -4.880 10.711
4.245 0.000 -4.880 10.864
4.663 0.000 -4.880 11.034
5.095 0.000 -4.880 11.223
5.543 0.000 -4.880 11.434
6.009 0.000 -4.880 11.666
6.494 0.000 -4.880 11.924
7.002 0.000 -4.880 12.208
7.536 0.000 -4.880 12.521
8.098 0.000 -4.880 12.868
8.693 0.000 -4.880 13.250
9.325 0.000 -4.880 13.673
10.000 0.000 -4.880 14.142
10.724 0.000 -4.880 14.663
11.504 0.000 -4.880 15.243
12.349 0.000 -4.880 15.890
13.270 0.000 -4.880 16.616
14.281 0.000 -4.880 17.434
15.399 0.000 -4.880 18.361
16.643 0.000 -4.880 19.416
-16.643 0.000 -4.540 19.416
-15.399 0.000 -4.540 18.361
-14.281 0.000 -4.540 17.434
-13.270 0.000 -4.540 16.616
-12.349 0.000 -4.540 15.890
-11.504 0.000 -4.540 15.243
-10.724 0.000 -4.540 14.663
-10.000 0.000 -4.540 14.142
-9.325 0.000 -4.540 13.673
-8.693 0.000 -4.540 13.250
-8.098 0.000 -4.540 12.868
-7.536 0.000 -4.540 12.521
-7.002 0.000 -4.540 12.208
-6.494 0.000 -4.540 11.924
-6.009 0.000 -4.540 11.666
-5.543 0.000 -4.540 11.434
-5.095 0.000 -4.540 11.223
-4.663 0.000 -4.540 11.034
-4.245 0.000 -4.540 10.864
-3.839 0.000 -4.540 10.711
-3.443 0.000 -4.540 10.576
-3.057 0.000 -4.540 10.457
-2.679 0.000 -4.540 10.353
-1.897 1.781 -4.540 8.435
-1.944 0.000 -4.540 10.187
-1.584 0.000 -4.540 10.125
-1.009 1.785 -4.540 8.276
-0.719 1.785 -4.540 8.246
-0.431 1.785 -4.540 8.226
-0.143 1.785 -4.540 8.216
0.143 1.785 -4.540 8.216
0.431 1.785 -4.540 8.226
0.719 1.785 -4.540 8.246
1.009 1.785 -4.540 8.276
1.288 1.870 -4.540 8.232
1.574 1.901 -4.540 8.250
1.870 1.901 -4.540 8.312
2.679 0.000 -4.540 10.353
3.057 0.000 -4.540 10.457
3.443 0.000 -4.540 10.576
3.839 0.000 -4.540 10.711
4.245 0.000 -4.540 10.864
4.663 0.000 -4.540 11.034
5.095 0.000 -4.540 11.223
5.543 0.000 -4.540 11.434
6.009 0.000 -4.540 11.666
6.494 0.000 -4.540 11.924
7.002 0.000 -4.540 12.208
7.536 0.000 -4.540 12.521
8.098 0.000 -4.540 12.868
8.693 0.000 -4.540 13.250
9.325 0.000 -4.540 13.673
10.000 0.000 -4.540 14.142
10.724 0.000 -4.540 14.663
11.504 0.000 -4.540 15.243
12.349 0.000 -4.540 15.890
13.270 0.000 -4.540 16.616
14.281 0.000 -4.540 17.434
15.399 0.000 -4.540 18.361
16.643 0.000 -4.540 19.416
-16.643 0.000 -4.200 19.416
-15.399 0.000 -4.200 18.361
-14.281 0.000 -4.200 17.434
-13.270 0.000 -4.200 16.616
-12.349 0.000 -4.200 15.890
-11.504 0.000 -4.200 15.243
-10.724 0.000 -4.200 14.663
-10.000 0.000 -4.200 14.142
-9.325 0.000 -4.200 13.673
-8.693 0.000 -4.200 13.250
-8.098 0.000 -4.200 12.868
-7.536 0.000 -4.200 12.521
-7.002 0.000 -4.200 12.208
-6.494 0.000 -4.200 11.924
-6.009 0.000 -4.200 11.666
-5.543 0.000 -4.200 11.434
-5.095 0.000 -4.200 11.223
-4.663 0.000 -4.200 11.034
-4.245 0.000 -4.200 10.864
-3.839 0.000 -4.200 10.711
-3.443 0.000 -4.200 10.576
-3.057 0.000 -4.200 10.457
-2.679 0.000 -4.200 10.353
-1.886 1.831 -4.200 8.384
-1.588 1.831 -4.200 8.322
-1.294 1.831 -4.200 8.271
-1.003 1.831 -4.200 8.231
-0.715 1.831 -4.200 8.200
-0.428 1.831 -4.200 8.180
-0.143 1.831 -4.200 8.170
0.143 1.831 -4.200 8.170
0.428 1.831 -4.200 8.180
0.715 1.831 -4.200 8.200
1.003 1.831 -4.200 8.231
1.294 1.831 -4.200 8.271
1.575 1.896 -4.200 8.255
1.886 1.831 -4.200 8.384
2.679 0.000 -4.200 10.353
3.057 0.000 -4.200 10.457
3.443 0.000 -4.200 10.576
3.839 0.000 -4.200 10.711
4.245 0.000 -4.200 10.864
4.663 0.000 -4.200 11.034
5.095 0.000 -4.200 11.223
5.543 0.000 -4.200 11.434
6.009 0.000 -4.200 11.666
6.494 0.000 -4.200 11.924
7.002 0.000 -4.200 12.208
7.536 0.000 -4.200 12.521
8.098 0.000 -4.200 12.868
8.693 0.000 -4.200 13.250
9.325 0.000 -4.200 13.673
10.000 0.000 -4.200 14.142
10.724 0.000 -4.200 14.663
11.504 0.000 -4.200 15.243
12.349 0.000 -4.200 15.890
13.270 0.000 -4.200 16.616
14.281 0.000 -4.200 17.434
15.399 0.000 -4.200 18.361
16.643 0.000 -4.200 19.416
-16.643 0.000 -3.860 19.416
-15.399 0.000 -3.860 18.361
-14.281 0.000 -3.860 17.434
-13.270 0.000 -3.860 16.616
-12.349 0.000 -3.860 15.890
-11.504 0.000 -3.860 15.243
-10.724 0.000 -3.860 14.663
-10.000 0.000 -3.860 14.142
-9.325 0.000 -3.860 13.673
-8.693 0.000 -3.860 13.250
-8.098 0.000 -3.860 12.868
-7.536 0.000 -3.860 12.521
-7.002 0.000 -3.860 12.208
-6.494 0.000 -3.860 11.924
-6.009 0.000 -3.860 11.666
-5.543 0.000 -3.860 11.434
-5.095 0.000 -3.860 11.223
-4.663 0.000 -3.860 11.034
-4.245 0.000 -3.860 10.864
-3.839 0.000 -3.860 10.711
-3.443 0.000 -3.860 10.576
-3.057 0.000 -3.860 10.457
-2.679 0.000 -3.860 10.353
-1.886 1.831 -3.860 8.384
-1.588 1.831 -3.860 8.322
-1.294 1.831 -3.860 8.271
-1.004 1.822 -3.860 8.240
-0.715 1.831 -3.860 8.200
-0.428 1.831 -3.860 8.180
-0.143 1.831 -3.860 8.170
0.143 1.831 -3.860 8.170
0.428 1.831 -3.860 8.180
0.715 1.831 -3.860 8.200
1.004 1.822 -3.860 8.240
1.294 1.831 -3.860 8.271
1.588 1.831 -3.860 8.322
1.886 1.831 -3.860 8.384
2.679 0.000 -3.860 10.353
3.057 0.000 -3.860 10.457
3.443 0.000 -3.860 10.576
3.839 0.000 -3.860 10.711
4.245 0.000 -3.860 10.864
4.663 0.000 -3.860 11.034
5.095 0.000 -3.860 11.223
5.543 0.000 -3.860 11.434
6.009 0.000 -3.860 11.666
6.494 0.000 -3.860 11.924
7.002 0.000 -3.860 12.208
7.536 0.000 -3.860 12.521
8.098 0.000 -3.860 12.868
8.693 0.000 -3.860 13.250
9.325 0.000 -3.860 13.673
10.000 0.000 -3.860 14.142
10.724 0.000 -3.860 14.663
11.504 0.000 -3.860 15.243
12.349 0.000 -3.860 15.890
13.270 0.000 -3.860 16.616
14.281 0.000 -3.860 17.434
15.399 0.000 -3.860 18.361
16.643 0.000 -3.860 19.416
-16.643 0.000 -3.520 19.416
-15.399 0.000 -3.520 18.361
-14.281 0.000 -3.520 17.434
-13.270 0.000 -3.520 16.616
-12.349 0.000 -3.520 15.890
-11.504 0.000 -3.520 15.243
-10.724 0.000 -3.520 14.663
-10.000 0.000 -3.520 14.142
-9.325 0.000 -3.520 13.673
-8.693 0.000 -3.520 13.250
-8.098 0.000 -3.520 12.868
-7.536 0.000 -3.520 12.521
-7.002 0.000 -3.520 12.208
-6.494 0.000 -3.520 11.924
-6.009 0.000 -3.520 11.666
-5.543 0.000 -3.520 11.434
-5.095 0.000 -3.520 11.223
-4.663 0.000 -3.520 11.034
-4.245 0.000 -3.520 10.864
-3.839 0.000 -3.520 10.711
-3.443 0.000 -3.520 10.576
-3.057 0.000 -3.520 10.457
-2.679 0.000 -3.520 10.353
-1.886 1.831 -3.520 8.384
-1.432 2.634 -3.520 7.504
-1.167 2.634 -3.520 7.458
-0.904 2.634 -3.520 7.421
-0.644 2.634 -3.520 7.394
-0.428 1.831 -3.520 8.180
-0.143 1.831 -3.520 8.170
0.143 1.831 -3.520 8.170
0.428 1.831 -3.520 8.180
0.644 2.634 -3.520 7.394
0.904 2.634 -3.520 7.421
1.167 2.634 -3.520 7.458
1.432 2.634 -3.520 7.504
1.886 1.831 -3.520 8.384
2.679 0.000 -3.520 10.353
3.057 0.000 -3.520 10.457
3.443 0.000 -3.520 10.576
3.839 0.000 -3.520 10.711
4.245 0.000 -3.520 10.864
4.663 0.000 -3.520 11.034
5.095 0.000 -3.520 11.223
5.543 0.000 -3.520 11.434
6.009 0.000 -3.520 11.666
6.494 0.000 -3.520 11.924
7.002 0.000 -3.520 12.208
7.536 0.000 -3.520 12.521
8.098 0.000 -3.520 12.868
8.693 0.000 -3.520 13.250
9.325 0.000 -3.520 13.673
10.000 0.000 -3.520 14.142
10.724 0.000 -3.520 14.663
11.504 0.000 -3.520 15.243
12.349 0.000 -3.520 15.890
13.270 0.000 -3.520 16.616
14.281 0.000 -3.520 17.434
15.399 0.000 -3.520 18.361
16.643 0.000 -3.520 19.416
-16.643 0.000 -3.180 19.416
-15.399 0.000 -3.180 18.361
-14.281 0.000 -3.180 17.434
-13.270 0.000 -3.180 16.616
-12.349 0.000 -3.180 15.890
-11.504 0.000 -3.180 15.243
-10.724 0.000 -3.180 14.663
-10.000 0.000 -3.180 14.142
-9.325 0.000 -3.180 13.673
-8.693 0.000 -3.180 13.250
-8.098 0.000 -3.180 12.868
-7.536 0.000 -3.180 12.521
-7.002 0.000 -3.180 12.208
-6.494 0.000 -3.180 11.924
-6.009 0.000 -3.180 11.666
-5.543 0.000 -3.180 11.434
-5.095 0.000 -3.180 11.223
-4.663 0.000 -3.180 11.034
-4.245 0.000 -3.180 10.864
-3.839 0.000 -3.180 10.711
-3.443 0.000 -3.180 10.576
-3.057 0.000 -3.180 10.457
-2.679 0.000 -3.180 10.353
-1.886 1.831 -3.180 8.384
-1.588 1.831 -3.180 8.322
-1.294 1.831 -3.180 8.271
-1.007 1.799 -3.180 8.262
-0.717 1.799 -3.180 8.232
-0.430 1.799 -3.180 8.212
-0.143 1.831 -3.180 8.170
0.143 1.831 -3.180 8.170
0.428 1.831 -3.180 8.180
0.715 1.831 -3.180 8.200
1.003 1.831 -3.180 8.231
1.299 1.799 -3.180 8.303
1.588 1.831 -3.180 8.322
1.753 2.408 -3.180 7.792
2.679 0.000 -3.180 10.353
3.057 0.000 -3.180 10.457
3.443 0.000 -3.180 10.576
3.839 0.000 -3.180 10.711
4.245 0.000 -3.180 10.864
4.663 0.000 -3.180 11.034
5.095 0.000 -3.180 11.223
5.543 0.000 -3.180 11.434
6.009 0.000 -3.180 11.666
6.494 0.000 -3.180 11.924
7.002 0.000 -3.180 12.208
7.536 0.000 -3.180 12.521
8.098 0.000 -3.180 12.868
8.693 0.000 -3.180 13.250
9.325 0.000 -3.180 13.673
10.000 0.000 -3.180 14.142
10.724 0.000 -3.180 14.663
11.504 0.000 -3.180 15.243
12.349 0.000 -3.180 15.890
13.270 0.000 -3.180 16.616
14.281 0.000 -3.180 17.434
15.399 0.000 -3.180 18.361
16.643 0.000 -3.180 19.416
-16.643 0.000 -2.840 19.416
-15.399 0.000 -2.840 18.361
-14.281 0.000 -2.840 17.434
-13.270 0.000 -2.840 16.616
-12.349 0.000 -2.840 15.890
-11.504 0.000 -2.840 15.243
-10.724 0.000 -2.840 14.663
-10.000 0.000 -2.840 14.142
-9.325 0.000 -2.840 13.673
-8.693 0.000 -2.840 13.250
-8.098 0.000 -2.840 12.868
-7.536 0.000 -2.840 12.521
-7.002 0.000 -2.840 12.208
-6.494 0.000 -2.840 11.924
-6.009 0.000 -2.840 11.666
-5.543 0.000 -2.840 11.434
-5.095 0.000 -2.840 11.223
-4.663 0.000 -2.840 11.034
-4.245 0.000 -2.840 10.864
-3.839 0.000 -2.840 10.711
-3.443 0.000 -2.840 10.576
-3.057 0.000 -2.840 10.457
-2.679 0.000 -2.840 10.353
-1.886 1.831 -2.840 8.384
-1.524 2.159 -2.840 7.988
-1.244 2.146 -2.840 7.952
-1.002 1.839 -2.840 8.222
-0.714 1.839 -2.840 8.192
-0.428 1.839 -2.840 8.172
-0.143 1.831 -2.840 8.170
0.143 1.831 -2.840 8.170
0.428 1.831 -2.840 8.180
0.715 1.831 -2.840 8.200
1.003 1.831 -2.840 8.231
1.244 2.146 -2.840 7.952
1.527 2.146 -2.840 8.001
1.753 2.408 -2.840 7.792
1.985 2.594 -2.840 7.668
3.057 0.000 -2.840 10.457
3.443 0.000 -2.840 10.576
3.839 0.000 -2.840 10.711
4.245 0.000 -2.840 10.864
4.663 0.000 -2.840 11.034
5.095 0.000 -2.840 11.223
5.543 0.000 -2.840 11.434
6.009 0.000 -2.840 11.666
6.494 0.000 -2.840 11.924
7.002 0.000 -2.840 12.208
7.536 0.000 -2.840 12.521
8.098 0.000 -2.840 12.868
8.693 0.000 -2.840 13.250
9.325 0.000 -2.840 13.673
10.000 0.000 -2.840 14.142
10.724 0.000 -2.840 14.663
11.504 0.000 -2.840 15.243
12.349 0.000 -2.840 15.890
13.270 0.000 -2.840 16.616
14.281 0.000 -2.840 17.434
15.399 0.000 -2.840 18.361
16.643 0.000 -2.840 19.416
-16.643 0.000 -2.500 19.416
-15.399 0.000 -2.500 18.361
-14.281 0.000 -2.500 17.434
-13.270 0.000 -2.500 16.616
-12.349 0.000 -2.500 15.890
-11.504 0.000 -2.500 15.243
-10.724 0.000 -2.500 14.663
-10.000 0.000 -2.500 14.142
-9.325 0.000 -2.500 13.673
-8.693 0.000 -2.500 13.250
-8.098 0.000 -2.500 12.868
-7.536 0.000 -2.500 12.521
-7.002 0.000 -2.500 12.208
-6.494 0.000 -2.500 11.924
-6.009 0.000 -2.500 11.666
-5.543 0.000 -2.500 11.434
-5.095 0.000 -2.500 11.223
-4.663 0.000 -2.500 11.034
-4.245 0.000 -2.500 10.864
-3.839 0.000 -2.500 10.711
-3.443 0.000 -2.500 10.576
-3.057 0.000 -2.500 10.457
-2.679 0.000 -2.500 10.353
-1.897 1.782 -2.500 8.434
-1.518 2.191 -2.500 7.955
-1.184 2.524 -2.500 7.569
-0.900 2.669 -2.500 7.386
-0.641 2.669 -2.500 7.359
-0.384 2.669 -2.500 7.341
-0.128 2.669 -2.500 7.332
0.128 2.669 -2.500 7.332
0.384 2.669 -2.500 7.341
0.641 2.669 -2.500 7.359
0.900 2.669 -2.500 7.386
1.168 2.626 -2.500 7.466
1.478 2.395 -2.500 7.747
1.754 2.401 -2.500 7.798
1.981 2.607 -2.500 7.653
3.057 0.000 -2.500 10.457
3.443 0.000 -2.500 10.576
3.839 0.000 -2.500 10.711
4.245 0.000 -2.500 10.864
4.663 0.000 -2.500 11.034
5.095 0.000 -2.500 11.223
5.543 0.000 -2.500 11.434
6.009 0.000 -2.500 11.666
6.494 0.000 -2.500 11.924
7.002 0.000 -2.500 12.208
7.536 0.000 -2.500 12.521
8.098 0.000 -2.500 12.868
8.693 0.000 -2.500 13.250
9.325 0.000 -2.500 13.673
10.000 0.000 -2.500 14.142
10.724 0.000 -2.500 14.663
11.504 0.000 -2.500 15.243
12.349 0.000 -2.500 15.890
13.270 0.000 -2.500 16.616
14.281 0.000 -2.500 17.434
15.399 0.000 -2.500 18.361
16.643 0.000 -2.500 19.416
-16.643 0.000 -2.160 19.416
-15.399 0.000 -2.160 18.361
-14.281 0.000 -2.160 17.434
-13.270 0.000 -2.160 16.616
-12.349 0.000 -2.160 15.890
-11.504 0.000 -2.160 15.243
-10.724 0.000 -2.160 14.663
-10.000 0.000 -2.160 14.142
-9.325 0.000 -2.160 13.673
-8.693 0.000 -2.160 13.250
-8.098 0.000 -2.160 12.868
-7.536 0.000 -2.160 12.521
-7.002 0.000 -2.160 12.208
-6.494 0.000 -2.160 11.924
-6.009 0.000 -2.160 11.666
-5.543 0.000 -2.160 11.434
-5.095 0.000 -2.160 11.223
-4.663 0.000 -2.160 11.034
-4.245 0.000 -2.160 10.864
-3.839 0.000 -2.160 10.711
-3.443 0.000 -2.160 10.576
-3.057 0.000 -2.160 10.457
-2.679 0.000 -2.160 10.353
-1.909 1.731 -2.160 8.486
-1.426 2.662 -2.160 7.475
-1.168 2.627 -2.160 7.465
-0.883 2.811 -2.160 7.243
-0.629 2.811 -2.160 7.217
-0.377 2.811 -2.160 7.199
-0.125 2.811 -2.160 7.190
0.125 2.811 -2.160 7.190
0.377 2.811 -2.160 7.199
0.629 2.811 -2.160 7.217
0.883 2.811 -2.160 7.243
1.162 2.661 -2.160 7.431
1.463 2.471 -2.160 7.670
1.694 2.662 -2.160 7.531
1.977 2.620 -2.160 7.640
3.057 0.000 -2.160 10.457
3.443 0.000 -2.160 10.576
3.839 0.000 -2.160 10.711
4.245 0.000 -2.160 10.864
4.663 0.000 -2.160 11.034
5.095 0.000 -2.160 11.223
5.543 0.000 -2.160 11.434
6.009 0.000 -2.160 11.666
6.494 0.000 -2.160 11.924
7.002 0.000 -2.160 12.208
7.536 0.000 -2.160 12.521
8.098 0.000 -2.160 12.868
8.693 0.000 -2.160 13.250
9.325 0.000 -2.160 13.673
10.000 0.000 -2.160 14.142
10.724 0.000 -2.160 14.663
11.504 0.000 -2.160 15.243
12.349 0.000 -2.160 15.890
13.270 0.000 -2.160 16.616
14.281 0.000 -2.160 17.434
15.399 0.000 -2.160 18.361
16.643 0.000 -2.160 19.416
-16.643 0.000 -1.820 19.416
-15.399 0.000 -1.820 18.361
-14.281 0.000 -1.820 17.434
-13.270 0.000 -1.820 16.616
-12.349 0.000 -1.820 15.890
-11.504 0.000 -1.820 15.243
-10.724 0.000 -1.820 14.663
-10.000 0.000 -1.820 14.142
-9.325 0.000 -1.820 13.673
-8.693 0.000 -1.820 13.250
-8.098 0.000 -1.820 12.868
-7.536 0.000 -1.820 12.521
-7.002 0.000 -1.820 12.208
-6.494 0.000 -1.820 11.924
-6.009 0.000 -1.820 11.666
-5.543 0.000 -1.820 11.434
-5.095 0.000 -1.820 11.223
-4.663 0.000 -1.820 11.034
-4.245 0.000 -1.820 10.864
-3.839 0.000 -1.820 10.711
-3.443 0.000 -1.820 10.576
-3.057 0.000 -1.820 10.457
-2.679 0.000 -1.820 10.353
-1.694 2.662 -1.820 7.531
-1.426 2.662 -1.820 7.475
-1.164 2.649 -1.820 7.443
-0.882 2.813 -1.820 7.241
-0.629 2.813 -1.820 7.214
-0.377 2.813 -1.820 7.197
-0.125 2.814 -1.820 7.187
0.125 2.814 -1.820 7.187
0.377 2.813 -1.820 7.197
0.629 2.813 -1.820 7.214
0.882 2.813 -1.820 7.241
1.162 2.666 -1.820 7.425
1.443 2.576 -1.820 7.563
1.694 2.662 -1.820 7.531
2.679 0.000 -1.820 10.353
3.057 0.000 -1.820 10.457
3.443 0.000 -1.820 10.576
3.839 0.000 -1.820 10.711
4.245 0.000 -1.820 10.864
4.663 0.000 -1.820 11.034
5.095 0.000 -1.820 11.223
5.543 0.000 -1.820 11.434
6.009 0.000 -1.820 11.666
6.494 0.000 -1.820 11.924
7.002 0.000 -1.820 12.208
7.536 0.000 -1.820 12.521
8.098 0.000 -1.820 12.868
8.693 0.000 -1.820 13.250
9.325 0.000 -1.820 13.673
10.000 0.000 -1.820 14.142
10.724 0.000 -1.820 14.663
11.504 0.000 -1.820 15.243
12.349 0.000 -1.820 15.890
13.270 0.000 -1.820 16.616
14.281 0.000 -1.820 17.434
15.399 0.000 -1.820 18.361
16.643 0.000 -1.820 19.416
-16.643 0.000 -1.480 19.416
-15.399 0.000 -1.480 18.361
-14.281 0.000 -1.480 17.434
-13.270 0.000 -1.480 16.616
-12.349 0.000 -1.480 15.890
-11.504 0.000 -1.480 15.243
-10.724 0.000 -1.480 14.663
-10.000 0.000 -1.480 14.142
-9.325 0.000 -1.480 13.673
-8.693 0.000 -1.480 13.250
-8.098 0.000 -1.480 12.868
-7.536 0.000 -1.480 12.521
-7.002 0.000 -1.480 12.208
-6.494 0.000 -1.480 11.924
-6.009 0.000 -1.480 11.666
-5.543 0.000 -1.480 11.434
-5.095 0.000 -1.480 11.223
-4.663 0.000 -1.480 11.034
-4.245 0.000 -1.480 10.864
-3.839 0.000 -1.480 10.711
-3.443 0.000 -1.480 10.576
-3.057 0.000 -1.480 10.457
-2.679 0.000 -1.480 10.353
-1.694 2.662 -1.480 7.531
-1.426 2.662 -1.480 7.475
-1.164 2.651 -1.480 7.441
-0.882 2.815 -1.480 7.239
-0.629 2.815 -1.480 7.212
-0.377 2.816 -1.480 7.194
-0.125 2.817 -1.480 7.185
0.125 2.817 -1.480 7.184
0.376 2.816 -1.480 7.194
0.629 2.816 -1.480 7.212
0.882 2.815 -1.480 7.239
1.161 2.668 -1.480 7.423
1.435 2.615 -1.480 7.523
1.694 2.662 -1.480 7.531
2.679 0.000 -1.480 10.353
3.057 0.000 -1.480 10.457
3.443 0.000 -1.480 10.576
3.839 0.000 -1.480 10.711
4.245 0.000 -1.480 10.864
4.663 0.000 -1.480 11.034
5.095 0.000 -1.480 11.223
5.543 0.000 -1.480 11.434
6.009 0.000 -1.480 11.666
6.494 0.000 -1.480 11.924
7.002 0.000 -1.480 12.208
7.536 0.000 -1.480 12.521
8.098 0.000 -1.480 12.868
8.693 0.000 -1.480 13.250
9.325 0.000 -1.480 13.673
10.000 0.000 -1.480 14.142
10.724 0.000 -1.480 14.663
11.504 0.000 -1.480 15.243
12.349 0.000 -1.480 15.890
13.270 0.000 -1.480 16.616
14.281 0.000 -1.480 17.434
15.399 0.000 -1.480 18.361
16.643 0.000 -1.480 19.416
-16.643 0.000 -1.140 19.416
-15.399 0.000 -1.140 18.361
-14.281 0.000 -1.140 17.434
-13.270 0.000 -1.140 16.616
-12.349 0.000 -1.140 15.890
-11.504 0.000 -1.140 15.243
-10.724 0.000 -1.140 14.663
-10.000 0.000 -1.140 14.142
-9.325 0.000 -1.140 13.673
-8.693 0.000 -1.140 13.250
-8.098 0.000 -1.140 12.868
-7.536 0.000 -1.140 12.521
-7.002 0.000 -1.140 12.208
-6.494 0.000 -1.140 11.924
-6.009 0.000 -1.140 11.666
-5.543 0.000 -1.140 11.434
-5.095 0.000 -1.140 11.223
-4.663 0.000 -1.140 11.034
-4.245 0.000 -1.140 10.864
-3.839 0.000 -1.140 10.711
-3.443 0.000 -1.140 10.576
-3.057 0.000 -1.140 10.457
-2.679 0.000 -1.140 10.353
-1.694 2.662 -1.140 7.531
-1.426 2.662 -1.140 7.475
-1.164 2.649 -1.140 7.442
-0.897 2.696 -1.140 7.359
-0.639 2.697 -1.140 7.331
-0.383 2.698 -1.140 7.312
-0.127 2.698 -1.140 7.303
0.127 2.698 -1.140 7.303
0.383 2.697 -1.140 7.313
0.639 2.697 -1.140 7.331
0.897 2.696 -1.140 7.359
1.160 2.678 -1.140 7.413
1.431 2.636 -1.140 7.502
1.694 2.662 -1.140 7.531
2.679 0.000 -1.140 10.353
3.057 0.000 -1.140 10.457
3.443 0.000 -1.140 10.576
3.839 0.000 -1.140 10.711
4.245 0.000 -1.140 10.864
4.663 0.000 -1.140 11.034
5.095 0.000 -1.140 11.223
5.543 0.000 -1.140 11.434
6.009 0.000 -1.140 11.666
6.494 0.000 -1.140 11.924
7.002 0.000 -1.140 12.208
7.536 0.000 -1.140 12.521
8.098 0.000 -1.140 12.868
8.693 0.000 -1.140 13.250
9.325 0.000 -1.140 13.673
10.000 0.000 -1.140 14.142
10.724 0.000 -1.140 14.663
11.504 0.000 -1.140 15.243
12.349 0.000 -1.140 15.890
13.270 0.000 -1.140 16.616
14.281 0.000 -1.140 17.434
15.399 0.000 -1.140 18.361
16.643 0.000 -1.140 19.416
-16.643 0.000 -0.800 19.416
-15.399 0.000 -0.800 18.361
-14.281 0.000 -0.800 17.434
-13.270 0.000 -0.800 16.616
-12.349 0.000 -0.800 15.890
-11.504 0.000 -0.800 15.243
-10.724 0.000 -0.800 14.663
-10.000 0.000 -0.800 14.142
-9.325 0.000 -0.800 13.673
-8.693 0.000 -0.800 13.250
-8.098 0.000 -0.800 12.868
-7.536 0.000 -0.800 12.521
-7.002 0.000 -0.800 12.208
-6.494 0.000 -0.800 11.924
-6.009 0.000 -0.800 11.666
-5.543 0.000 -0.800 11.434
-5.095 0.000 -0.800 11.223
-4.663 0.000 -0.800 11.034
-4.245 0.000 -0.800 10.864
-3.839 0.000 -0.800 10.711
-3.443 0.000 -0.800 10.576
-3.057 0.000 -0.800 10.457
-2.679 0.000 -0.800 10.353
-1.694 2.662 -0.800 7.531
-1.426 2.662 -0.800 7.475
-1.164 2.652 -0.800 7.439
-0.897 2.691 -0.800 7.364
-0.639 2.700 -0.800 7.328
-0.382 2.705 -0.800 7.305
-0.128 2.686 -0.800 7.315
0.127 2.711 -0.800 7.290
0.352 3.285 -0.800 6.724
0.588 3.285 -0.800 6.741
0.898 2.689 -0.800 7.366
1.161 2.671 -0.800 7.420
1.432 2.635 -0.800 7.503
1.694 2.662 -0.800 7.531
2.679 0.000 -0.800 10.353
3.057 0.000 -0.800 10.457
3.443 0.000 -0.800 10.576
3.839 0.000 -0.800 10.711
4.245 0.000 -0.800 10.864
4.663 0.000 -0.800 11.034
5.095 0.000 -0.800 11.223
5.543 0.000 -0.800 11.434
6.009 0.000 -0.800 11.666
6.494 0.000 -0.800 11.924
7.002 0.000 -0.800 12.208
7.536 0.000 -0.800 12.521
8.098 0.000 -0.800 12.868
8.693 0.000 -0.800 13.250
9.325 0.000 -0.800 13.673
10.000 0.000 -0.800 14.142
10.724 0.000 -0.800 14.663
11.504 0.000 -0.800 15.243
12.349 0.000 -0.800 15.890
13.270 0.000 -0.800 16.616
14.281 0.000 -0.800 17.434
15.399 0.000 -0.800 18.361
16.643 0.000 -0.800 19.416
-16.643 0.000 -0.460 19.416
-15.399 0.000 -0.460 18.361
-14.281 0.000 -0.460 17.434
-13.270 0.000 -0.460 16.616
-12.349 0.000 -0.460 15.890
-11.504 0.000 -0.460 15.243
-10.724 0.000 -0.460 14.663
-10.000 0.000 -0.460 14.142
-9.325 0.000 -0.460 13.673
-8.693 0.000 -0.460 13.250
-8.098 0.000 -0.460 12.868
-7.536 0.000 -0.460 12.521
-7.002 0.000 -0.460 12.208
-6.494 0.000 -0.460 11.924
-6.009 0.000 -0.460 11.666
-5.543 0.000 -0.460 11.434
-5.095 0.000 -0.460 11.223
-4.663 0.000 -0.460 11.034
-4.245 0.000 -0.460 10.864
-3.839 0.000 -0.460 10.711
-3.443 0.000 -0.460 10.576
-3.057 0.000 -0.460 10.457
-2.679 0.000 -0.460 10.353
-1.694 2.662 -0.460 7.531
-1.426 2.662 -0.460 7.475
-1.164 2.653 -0.460 7.439
-0.898 2.686 -0.460 7.369
-0.639 2.700 -0.460 7.328
-0.383 2.700 -0.460 7.310
-0.128 2.684 -0.460 7.317
0.124 2.871 -0.460 7.130
0.379 2.760 -0.460 7.250
0.633 2.760 -0.460 7.268
0.891 2.744 -0.460 7.310
1.161 2.667 -0.460 7.425
1.436 2.611 -0.460 7.528
1.694 2.662 -0.460 7.531
2.679 0.000 -0.460 10.353
3.057 0.000 -0.460 10.457
3.443 0.000 -0.460 10.576
3.839 0.000 -0.460 10.711
4.245 0.000 -0.460 10.864
4.663 0.000 -0.460 11.034
5.095 0.000 -0.460 11.223
5.543 0.000 -0.460 11.434
6.009 0.000 -0.460 11.666
6.494 0.000 -0.460 11.924
7.002 0.000 -0.460 12.208
7.536 0.000 -0.460 12.521
8.098 0.000 -0.460 12.868
8.693 0.000 -0.460 13.250
9.325 0.000 -0.460 13.673
10.000 0.000 -0.460 14.142
10.724 0.000 -0.460 14.663
11.504 0.000 -0.460 15.243
12.349 0.000 -0.460 15.890
13.270 0.000 -0.460 16.616
14.281 0.000 -0.460 17.434
15.399 0.000 -0.460 18.361
16.643 0.000 -0.460 19.416
-16.643 0.000 -0.120 19.416
-15.399 0.000 -0.120 18.361
-14.281 0.000 -0.120 17.434
-13.270 0.000 -0.120 16.616
-12.349 0.000 -0.120 15.890
-11.504 0.000 -0.120 15.243
-10.724 0.000 -0.120 14.663
-10.000 0.000 -0.120 14.142
-9.325 0.000 -0.120 13.673
-8.693 0.000 -0.120 13.250
-8.098 0.000 -0.120 12.868
-7.536 0.000 -0.120 12.521
-7.002 0.000 -0.120 12.208
-6.494 0.000 -0.120 11.924
-6.009 0.000 -0.120 11.666
-5.543 0.000 -0.120 11.434
-5.095 0.000 -0.120 11.223
-4.663 0.000 -0.120 11.034
-4.245 0.000 -0.120 10.864
-3.839 0.000 -0.120 10.711
-3.443 0.000 -0.120 10.576
-3.057 0.000 -0.120 10.457
-2.679 0.000 -0.120 10.353
-1.736 2.481 -0.120 7.716
-1.461 2.481 -0.120 7.659
-1.163 2.660 -0.120 7.431
-0.898 2.687 -0.120 7.368
-0.640 2.684 -0.120 7.344
-0.383 2.685 -0.120 7.326
-0.128 2.685 -0.120 7.316
0.128 2.684 -0.120 7.318
0.380 2.741 -0.120 7.269
0.636 2.736 -0.120 7.292
0.899 2.681 -0.120 7.374
1.164 2.651 -0.120 7.440
1.441 2.587 -0.120 7.552
1.736 2.481 -0.120 7.716
2.679 0.000 -0.120 10.353
3.057 0.000 -0.120 10.457
3.443 0.000 -0.120 10.576
3.839 0.000 -0.120 10.711
4.245 0.000 -0.120 10.864
4.663 0.000 -0.120 11.034
5.095 0.000 -0.120 11.223
5.543 0.000 -0.120 11.434
6.009 0.000 -0.120 11.666
6.494 0.000 -0.120 11.924
7.002 0.000 -0.120 12.208
7.536 0.000 -0.120 12.521
8.098 0.000 -0.120 12.868
8.693 0.000 -0.120 13.250
9.325 0.000 -0.120 13.673
10.000 0.000 -0.120 14.142
10.724 0.000 -0.120 14.663
11.504 0.000 -0.120 15.243
12.349 0.000 -0.120 15.890
13.270 0.000 -0.120 16.616
14.281 0.000 -0.120 17.434
15.399 0.000 -0.120 18.361
16.643 0.000 -0.120 19.416
-16.643 0.000 0.220 19.416
-15.399 0.000 0.220 18.361
-14.281 0.000 0.220 17.434
-13.270 0.000 0.220 16.616
-12.349 0.000 0.220 15.890
-11.504 0.000 0.220 15.243
-10.724 0.000 0.220 14.663
-10.000 0.000 0.220 14.142
-9.325 0.000 0.220 13.673
-8.693 0.000 0.220 13.250
-8.098 0.000 0.220 12.868
-7.536 0.000 0.220 12.521
-7.002 0.000 0.220 12.208
-6.494 0.000 0.220 11.924
-6.009 0.000 0.220 11.666
-5.543 0.000 0.220 11.434
-5.095 0.000 0.220 11.223
-4.663 0.000 0.220 11.034
-4.245 0.000 0.220 10.864
-3.839 0.000 0.220 10.711
-3.443 0.000 0.220 10.576
-3.057 0.000 0.220 10.457
-2.679 0.000 0.220 10.353
-1.713 2.579 0.220 7.616
-1.495 2.309 0.220 7.835
-1.161 2.670 0.220 7.421
-0.892 2.736 0.220 7.318
-0.635 2.736 0.220 7.291
-0.383 2.687 0.220 7.323
-0.128 2.680 0.220 7.321
0.128 2.671 0.220 7.330
0.385 2.663 0.220 7.348
0.643 2.649 0.220 7.379
0.904 2.636 0.220 7.420
1.169 2.618 0.220 7.474
1.444 2.571 0.220 7.568
1.738 2.474 0.220 7.724
2.679 0.000 0.220 10.353
3.057 0.000 0.220 10.457
3.443 0.000 0.220 10.576
3.839 0.000 0.220 10.711
4.245 0.000 0.220 10.864
4.663 0.000 0.220 11.034
5.095 0.000 0.220 11.223
5.543 0.000 0.220 11.434
6.009 0.000 0.220 11.666
6.494 0.000 0.220 11.924
7.002 0.000 0.220 12.208
7.536 0.000 0.220 12.521
8.098 0.000 0.220 12.868
8.693 0.000 0.220 13.250
9.325 0.000 0.220 13.673
10.000 0.000 0.220 14.142
10.724 0.000 0.220 14.663
11.504 0.000 0.220 15.243
12.349 0.000 0.220 15.890
13.270 0.000 0.220 16.616
14.281 0.000 0.220 17.434
15.399 0.000 0.220 18.361
16.643 0.000 0.220 19.416
-16.643 0.000 0.560 19.416
-15.399 0.000 0.560 18.361
-14.281 0.000 0.560 17.434
-13.270 0.000 0.560 16.616
-12.349 0.000 0.560 15.890
-11.504 0.000 0.560 15.243
-10.724 0.000 0.560 14.663
-10.000 0.000 0.560 14.142
-9.325 0.000 0.560 13.673
-8.693 0.000 0.560 13.250
-8.098 0.000 0.560 12.868
-7.536 0.000 0.560 12.521
-7.002 0.000 0.560 12.208
-6.494 0.000 0.560 11.924
-6.009 0.000 0.560 11.666
-5.543 0.000 0.560 11.434
-5.095 0.000 0.560 11.223
-4.663 0.000 0.560 11.034
-4.245 0.000 0.560 10.864
-3.839 0.000 0.560 10.711
-3.443 0.000 0.560 10.576
-3.057 0.000 0.560 10.457
-2.679 0.000 0.560 10.353
-1.704 2.618 0.560 7.576
-1.435 2.618 0.560 7.520
-1.161 2.668 0.560 7.423
-0.892 2.736 0.560 7.318
-0.635 2.736 0.560 7.291
-0.384 2.674 0.560 7.336
-0.128 2.665 0.560 7.336
0.128 2.661 0.560 7.341
0.385 2.652 0.560 7.358
0.632 2.778 0.560 7.249
0.879 2.840 0.560 7.214
1.134 2.840 0.560 7.250
1.446 2.561 0.560 7.578
1.704 2.618 0.560 7.576
2.679 0.000 0.560 10.353
3.057 0.000 0.560 10.457
3.443 0.000 0.560 10.576
3.839 0.000 0.560 10.711
4.245 0.000 0.560 10.864
4.663 0.000 0.560 11.034
5.095 0.000 0.560 11.223
5.543 0.000 0.560 11.434
6.009 0.000 0.560 11.666
6.494 0.000 0.560 11.924
7.002 0.000 0.560 12.208
7.536 0.000 0.560 12.521
8.098 0.000 0.560 12.868
8.693 0.000 0.560 13.250
9.325 0.000 0.560 13.673
10.000 0.000 0.560 14.142
10.724 0.000 0.560 14.663
11.504 0.000 0.560 15.243
12.349 0.000 0.560 15.890
13.270 0.000 0.560 16.616
14.281 0.000 0.560 17.434
15.399 0.000 0.560 18.361
16.643 0.000 0.560 19.416
-16.643 0.000 0.900 19.416
-15.399 0.000 0.900 18.361
-14.281 0.000 0.900 17.434
-13.270 0.000 0.900 16.616
-12.349 0.000 0.900 15.890
-11.504 0.000 0.900 15.243
-10.724 0.000 0.900 14.663
-10.000 0.000 0.900 14.142
-9.325 0.000 0.900 13.673
-8.693 0.000 0.900 13.250
-8.098 0.000 0.900 12.868
-7.536 0.000 0.900 12.521
-7.002 0.000 0.900 12.208
-6.494 0.000 0.900 11.924
-6.009 0.000 0.900 11.666
-5.543 0.000 0.900 11.434
-5.095 0.000 0.900 11.223
-4.663 0.000 0.900 11.034
-4.245 0.000 0.900 10.864
-3.839 0.000 0.900 10.711
-3.443 0.000 0.900 10.576
-3.057 0.000 0.900 10.457
-2.679 0.000 0.900 10.353
-1.959 1.514 0.900 8.709
-1.505 2.257 0.900 7.888
-1.169 2.617 0.900 7.475
-0.904 2.640 0.900 7.415
-0.641 2.668 0.900 7.360
-0.385 2.655 0.900 7.355
-0.128 2.646 0.900 7.355
0.128 2.646 0.900 7.355
0.386 2.641 0.900 7.369
0.639 2.696 0.900 7.332
0.898 2.684 0.900 7.371
1.160 2.673 0.900 7.418
1.448 2.552 0.900 7.588
1.960 1.511 0.900 8.713
2.679 0.000 0.900 10.353
3.057 0.000 0.900 10.457
3.443 0.000 0.900 10.576
3.839 0.000 0.900 10.711
4.245 0.000 0.900 10.864
4.663 0.000 0.900 11.034
5.095 0.000 0.900 11.223
5.543 0.000 0.900 11.434
6.009 0.000 0.900 11.666
6.494 0.000 0.900 11.924
7.002 0.000 0.900 12.208
7.536 0.000 0.900 12.521
8.098 0.000 0.900 12.868
8.693 0.000 0.900 13.250
9.325 0.000 0.900 13.673
10.000 0.000 0.900 14.142
10.724 0.000 0.900 14.663
11.504 0.000 0.900 15.243
12.349 0.000 0.900 15.890
13.270 0.000 0.900 16.616
14.281 0.000 0.900 17.434
15.399 0.000 0.900 18.361
16.643 0.000 0.900 19.416
-16.643 0.000 1.240 19.416
-15.399 0.000 1.240 18.361
-14.281 0.000 1.240 17.434
-13.270 0.000 1.240 16.616
-12.349 0.000 1.240 15.890
-11.504 0.000 1.240 15.243
-10.724 0.000 1.240 14.663
-10.000 0.000 1.240 14.142
-9.325 0.000 1.240 13.673
-8.693 0.000 1.240 13.250
-8.098 0.000 1.240 12.868
-7.536 0.000 1.240 12.521
-7.002 0.000 1.240 12.208
-6.494 0.000 1.240 11.924
-6.009 0.000 1.240 11.666
-5.543 0.000 1.240 11.434
-5.095 0.000 1.240 11.223
-4.663 0.000 1.240 11.034
-4.245 0.000 1.240 10.864
-3.839 0.000 1.240 10.711
-3.443 0.000 1.240 10.576
-3.057 0.000 1.240 10.457
-2.679 0.000 1.240 10.353
-1.960 1.511 1.240 8.713
-1.503 2.265 1.240 7.880
-1.180 2.548 1.240 7.545
-0.911 2.584 1.240 7.472
-0.646 2.617 1.240 7.411
-0.386 2.630 1.240 7.380
-0.129 2.626 1.240 7.375
0.129 2.625 1.240 7.376
0.387 2.625 1.240 7.385
0.646 2.613 1.240 7.415
0.909 2.597 1.240 7.458
1.175 2.581 1.240 7.511
1.454 2.520 1.240 7.620
1.960 1.511 1.240 8.712
2.679 0.000 1.240 10.353
3.057 0.000 1.240 10.457
3.443 0.000 1.240 10.576
3.839 0.000 1.240 10.711
4.245 0.000 1.240 10.864
4.663 0.000 1.240 11.034
5.095 0.000 1.240 11.223
5.543 0.000 1.240 11.434
6.009 0.000 1.240 11.666
6.494 0.000 1.240 11.924
7.002 0.000 1.240 12.208
7.536 0.000 1.240 12.521
8.098 0.000 1.240 12.868
8.693 0.000 1.240 13.250
9.325 0.000 1.240 13.673
10.000 0.000 1.240 14.142
10.724 0.000 1.240 14.663
11.504 0.000 1.240 15.243
12.349 0.000 1.240 15.890
13.270 0.000 1.240 16.616
14.281 0.000 1.240 17.434
15.399 0.000 1.240 18.361
16.643 0.000 1.240 19.416
-16.643 0.000 1.580 19.416
-15.399 0.000 1.580 18.361
-14.281 0.000 1.580 17.434
-13.270 0.000 1.580 16.616
-12.349 0.000 1.580 15.890
-11.504 0.000 1.580 15.243
-10.724 0.000 1.580 14.663
-10.000 0.000 1.580 14.142
-9.325 0.000 1.580 13.673
-8.693 0.000 1.580 13.250
-8.098 0.000 1.580 12.868
-7.536 0.000 1.580 12.521
-7.002 0.000 1.580 12.208
-6.494 0.000 1.580 11.924
-6.009 0.000 1.580 11.666
-5.543 0.000 1.580 11.434
-5.095 0.000 1.580 11.223
-4.663 0.000 1.580 11.034
-4.245 0.000 1.580 10.864
-3.839 0.000 1.580 10.711
-3.443 0.000 1.580 10.576
-3.057 0.000 1.580 10.457
-2.679 0.000 1.580 10.353
-1.963 1.498 1.580 8.726
-1.646 1.533 1.580 8.626
-1.240 2.171 1.580 7.927
-0.922 2.494 1.580 7.563
-0.651 2.561 1.580 7.467
-0.388 2.592 1.580 7.418
-0.129 2.596 1.580 7.405
0.129 2.595 1.580 7.406
0.388 2.595 1.580 7.415
0.649 2.582 1.580 7.446
0.913 2.564 1.580 7.492
1.181 2.545 1.580 7.548
1.463 2.473 1.580 7.668
1.960 1.511 1.580 8.712
2.679 0.000 1.580 10.353
3.057 0.000 1.580 10.457
3.443 0.000 1.580 10.576
3.839 0.000 1.580 10.711
4.245 0.000 1.580 10.864
4.663 0.000 1.580 11.034
5.095 0.000 1.580 11.223
5.543 0.000 1.580 11.434
6.009 0.000 1.580 11.666
6.494 0.000 1.580 11.924
7.002 0.000 1.580 12.208
7.536 0.000 1.580 12.521
8.098 0.000 1.580 12.868
8.693 0.000 1.580 13.250
9.325 0.000 1.580 13.673
10.000 0.000 1.580 14.142
10.724 0.000 1.580 14.663
11.504 0.000 1.580 15.243
12.349 0.000 1.580 15.890
13.270 0.000 1.580 16.616
14.281 0.000 1.580 17.434
15.399 0.000 1.580 18.361
16.643 0.000 1.580 19.416
-16.643 0.000 1.920 19.416
-15.399 0.000 1.920 18.361
-14.281 0.000 1.920 17.434
-13.270 0.000 1.920 16.616
-12.349 0.000 1.920 15.890
-11.504 0.000 1.920 15.243
-10.724 0.000 1.920 14.663
-10.000 0.000 1.920 14.142
-9.325 0.000 1.920 13.673
-8.693 0.000 1.920 13.250
-8.098 0.000 1.920 12.868
-7.536 0.000 1.920 12.521
-7.002 0.000 1.920 12.208
-6.494 0.000 1.920 11.924
-6.009 0.000 1.920 11.666
-5.543 0.000 1.920 11.434
-5.095 0.000 1.920 11.223
-4.663 0.000 1.920 11.034
-4.245 0.000 1.920 10.864
-3.839 0.000 1.920 10.711
-3.443 0.000 1.920 10.576
-3.057 0.000 1.920 10.457
-2.679 0.000 1.920 10.353
-1.966 1.485 1.920 8.739
-1.648 1.520 1.920 8.639
-1.343 1.520 1.920 8.586
-0.983 1.995 1.920 8.065
-0.673 2.309 1.920 7.720
-0.391 2.540 1.920 7.470
-0.130 2.563 1.920 7.438
0.130 2.563 1.920 7.438
0.390 2.563 1.920 7.447
0.653 2.539 1.920 7.490
0.934 2.395 1.920 7.662
1.243 2.150 1.920 7.948
1.578 1.883 1.920 8.269
1.960 1.511 1.920 8.712
2.679 0.000 1.920 10.353
3.057 0.000 1.920 10.457
3.443 0.000 1.920 10.576
3.839 0.000 1.920 10.711
4.245 0.000 1.920 10.864
4.663 0.000 1.920 11.034
5.095 0.000 1.920 11.223
5.543 0.000 1.920 11.434
6.009 0.000 1.920 11.666
6.494 0.000 1.920 11.924
7.002 0.000 1.920 12.208
7.536 0.000 1.920 12.521
8.098 0.000 1.920 12.868
8.693 0.000 1.920 13.250
9.325 0.000 1.920 13.673
10.000 0.000 1.920 14.142
10.724 0.000 1.920 14.663
11.504 0.000 1.920 15.243
12.349 0.000 1.920 15.890
13.270 0.000 1.920 16.616
14.281 0.000 1.920 17.434
15.399 0.000 1.920 18.361
16.643 0.000 1.920 19.416
-16.643 0.000 2.260 19.416
-15.399 0.000 2.260 18.361
-14.281 0.000 2.260 17.434
-13.270 0.000 2.260 16.616
-12.349 0.000 2.260 15.890
-11.504 0.000 2.260 15.243
-10.724 0.000 2.260 14.663
-10.000 0.000 2.260 14.142
-9.325 0.000 2.260 13.673
-8.693 0.000 2.260 13.250
-8.098 0.000 2.260 12.868
-7.536 0.000 2.260 12.521
-7.002 0.000 2.260 12.208
-6.494 0.000 2.260 11.924
-6.009 0.000 2.260 11.666
-5.543 0.000 2.260 11.434
-5.095 0.000 2.260 11.223
-4.663 0.000 2.260 11.034
-4.245 0.000 2.260 10.864
-3.839 0.000 2.260 10.711
-3.443 0.000 2.260 10.576
-3.057 0.000 2.260 10.457
-2.679 0.000 2.260 10.353
-1.953 1.542 2.260 8.680
-1.655 1.486 2.260 8.674
-1.349 1.486 2.260 8.620
-1.044 1.494 2.260 8.570
-0.743 1.505 2.260 8.528
-0.412 2.131 2.260 7.880
-0.131 2.471 2.260 7.530
0.131 2.471 2.260 7.530
0.395 2.471 2.260 7.539
0.694 2.066 2.260 7.964
1.044 1.493 2.260 8.570
1.348 1.490 2.260 8.616
1.653 1.495 2.260 8.664
1.963 1.498 2.260 8.725
2.679 0.000 2.260 10.353
3.057 0.000 2.260 10.457
3.443 0.000 2.260 10.576
3.839 0.000 2.260 10.711
4.245 0.000 2.260 10.864
4.663 0.000 2.260 11.034
5.095 0.000 2.260 11.223
5.543 0.000 2.260 11.434
6.009 0.000 2.260 11.666
6.494 0.000 2.260 11.924
7.002 0.000 2.260 12.208
7.536 0.000 2.260 12.521
8.098 0.000 2.260 12.868
8.693 0.000 2.260 13.250
9.325 0.000 2.260 13.673
10.000 0.000 2.260 14.142
10.724 0.000 2.260 14.663
11.504 0.000 2.260 15.243
12.349 0.000 2.260 15.890
13.270 0.000 2.260 16.616
14.281 0.000 2.260 17.434
15.399 0.000 2.260 18.361
16.643 0.000 2.260 19.416
-16.643 0.000 2.600 19.416
-15.399 0.000 2.600 18.361
-14.281 0.000 2.600 17.434
-13.270 0.000 2.600 16.616
-12.349 0.000 2.600 15.890
-11.504 0.000 2.600 15.243
-10.724 0.000 2.600 14.663
-10.000 0.000 2.600 14.142
-9.325 0.000 2.600 13.673
-8.693 0.000 2.600 13.250
-8.098 0.000 2.600 12.868
-7.536 0.000 2.600 12.521
-7.002 0.000 2.600 12.208
-6.494 0.000 2.600 11.924
-6.009 0.000 2.600 11.666
-5.543 0.000 2.600 11.434
-5.095 0.000 2.600 11.223
-4.663 0.000 2.600 11.034
-4.245 0.000 2.600 10.864
-3.839 0.000 2.600 10.711
-3.443 0.000 2.600 10.576
-3.057 0.000 2.600 10.457
-2.679 0.000 2.600 10.353
-1.970 1.469 2.600 8.755
-1.658 1.469 2.600 8.691
-1.351 1.469 2.600 8.637
-1.049 1.455 2.600 8.609
-0.747 1.458 2.600 8.574
-0.447 1.462 2.600 8.550
-0.147 1.583 2.600 8.418
0.147 1.583 2.600 8.418
0.408 2.218 2.600 7.793
0.747 1.461 2.600 8.572
1.049 1.457 2.600 8.607
1.351 1.469 2.600 8.637
1.658 1.469 2.600 8.691
1.970 1.469 2.600 8.755
2.679 0.000 2.600 10.353
3.057 0.000 2.600 10.457
3.443 0.000 2.600 10.576
3.839 0.000 2.600 10.711
4.245 0.000 2.600 10.864
4.663 0.000 2.600 11.034
5.095 0.000 2.600 11.223
5.543 0.000 2.600 11.434
6.009 0.000 2.600 11.666
6.494 0.000 2.600 11.924
7.002 0.000 2.600 12.208
7.536 0.000 2.600 12.521
8.098 0.000 2.600 12.868
8.693 0.000 2.600 13.250
9.325 0.000 2.600 13.673
10.000 0.000 2.600 14.142
10.724 0.000 2.600 14.663
11.504 0.000 2.600 15.243
12.349 0.000 2.600 15.890
13.270 0.000 2.600 16.616
14.281 0.000 2.600 17.434
15.399 0.000 2.600 18.361
16.643 0.000 2.600 19.416
-16.643 0.000 2.940 19.416
-15.399 0.000 2.940 18.361
-14.281 0.000 2.940 17.434
-13.270 0.000 2.940 16.616
-12.349 0.000 2.940 15.890
-11.504 0.000 2.940 15.243
-10.724 0.000 2.940 14.663
-10.000 0.000 2.940 14.142
-9.325 0.000 2.940 13.673
-8.693 0.000 2.940 13.250
-8.098 0.000 2.940 12.868
-7.536 0.000 2.940 12.521
-7.002 0.000 2.940 12.208
-6.494 0.000 2.940 11.924
-6.009 0.000 2.940 11.666
-5.543 0.000 2.940 11.434
-5.095 0.000 2.940 11.223
-4.663 0.000 2.940 11.034
-4.245 0.000 2.940 10.864
-3.839 0.000 2.940 10.711
-3.443 0.000 2.940 10.576
-3.057 0.000 2.940 10.457
-2.679 0.000 2.940 10.353
-1.970 1.466 2.940 8.758
-1.659 1.466 2.940 8.694
-1.352 1.466 2.940 8.640
-1.053 1.427 2.940 8.637
-0.750 1.427 2.940 8.605
-0.449 1.430 2.940 8.582
-0.150 1.429 2.940 8.572
0.150 1.429 2.940 8.572
0.407 2.241 2.940 7.769
0.750 1.430 2.940 8.603
1.052 1.429 2.940 8.635
1.352 1.466 2.940 8.640
1.659 1.466 2.940 8.694
1.970 1.466 2.940 8.758
2.679 0.000 2.940 10.353
3.057 0.000 2.940 10.457
3.443 0.000 2.940 10.576
3.839 0.000 2.940 10.711
4.245 0.000 2.940 10.864
4.663 0.000 2.940 11.034
5.095 0.000 2.940 11.223
5.543 0.000 2.940 11.434
6.009 0.000 2.940 11.666
6.494 0.000 2.940 11.924
7.002 0.000 2.940 12.208
7.536 0.000 2.940 12.521
8.098 0.000 2.940 12.868
8.693 0.000 2.940 13.250
9.325 0.000 2.940 13.673
10.000 0.000 2.940 14.142
10.724 0.000 2.940 14.663
11.504 0.000 2.940 15.243
12.349 0.000 2.940 15.890
13.270 0.000 2.940 16.616
14.281 0.000 2.940 17.434
15.399 0.000 2.940 18.361
16.643 0.000 2.940 19.416
-3.825 7.702 3.280 4.463
-3.536 7.703 3.280 4.217
-3.344 7.659 3.280 4.082
-3.713 7.202 3.280 4.650
-3.596 7.088 3.280 4.627
-3.471 6.982 3.280 4.600
-10.724 0.000 3.280 14.663
-10.000 0.000 3.280 14.142
-9.325 0.000 3.280 13.673
-8.693 0.000 3.280 13.250
-8.098 0.000 3.280 12.868
-7.536 0.000 3.280 12.521
-2.453 6.497 3.280 4.276
-2.365 6.358 3.280 4.343
-6.009 0.000 3.280 11.666
-5.543 0.000 3.280 11.434
-5.095 0.000 3.280 11.223
-4.663 0.000 3.280 11.034
-4.245 0.000 3.280 10.864
-3.839 0.000 3.280 10.711
-3.443 0.000 3.280 10.576
-3.057 0.000 3.280 10.457
-2.679 0.000 3.280 10.353
-1.971 1.464 3.280 8.760
-1.659 1.464 3.280 8.696
-1.352 1.464 3.280 8.642
-1.056 1.399 3.280 8.666
-0.753 1.399 3.280 8.634
-0.451 1.399 3.280 8.613
-0.150 1.398 3.280 8.603
0.150 1.398 3.280 8.603
0.451 1.399 3.280 8.613
0.753 1.399 3.280 8.634
1.056 1.399 3.280 8.666
1.352 1.464 3.280 8.642
1.659 1.464 3.280 8.696
1.971 1.464 3.280 8.760
2.679 0.000 3.280 10.353
3.057 0.000 3.280 10.457
3.443 0.000 3.280 10.576
3.839 0.000 3.280 10.711
4.245 0.000 3.280 10.864
4.663 0.000 3.280 11.034
5.095 0.000 3.280 11.223
5.543 0.000 3.280 11.434
6.009 0.000 3.280 11.666
6.494 0.000 3.280 11.924
7.002 0.000 3.280 12.208
7.536 0.000 3.280 12.521
8.098 0.000 3.280 12.868
8.693 0.000 3.280 13.250
9.325 0.000 3.280 13.673
10.000 0.000 3.280 14.142
10.724 0.000 3.280 14.663
11.504 0.000 3.280 15.243
12.349 0.000 3.280 15.890
13.270 0.000 3.280 16.616
14.281 0.000 3.280 17.434
15.399 0.000 3.280 18.361
16.643 0.000 3.280 19.416
-2.837 8.555 3.620 3.184
-2.780 8.459 3.620 3.178
-2.721 8.365 3.620 3.174
-2.665 8.269 3.620 3.178
-2.598 8.181 3.620 3.171
-2.511 8.108 3.620 3.144
-3.044 7.535 3.620 3.917
-3.080 7.323 3.620 4.081
-3.089 7.120 3.620 4.224
-2.912 7.088 3.620 4.119
-2.398 7.429 3.620 3.516
-2.140 7.538 3.620 3.262
-1.917 7.633 3.620 3.045
-1.884 7.500 3.620 3.130
-1.745 7.508 3.620 3.043
-1.614 7.515 3.620 2.963
-1.489 7.521 3.620 2.892
-1.383 7.505 3.620 2.852
-1.285 7.479 3.620 2.830
-1.190 7.447 3.620 2.817
-1.097 7.416 3.620 2.807
-1.294 6.629 3.620 3.611
-3.443 0.000 3.620 10.576
-3.057 0.000 3.620 10.457
-2.679 0.000 3.620 10.353
-1.971 1.464 3.620 8.760
-1.659 1.464 3.620 8.695
-1.354 1.448 3.620 8.659
-1.060 1.367 3.620 8.698
-0.755 1.367 3.620 8.666
-0.452 1.367 3.620 8.645
-0.134 2.304 3.620 7.697
0.134 2.349 3.620 7.653
0.452 1.367 3.620 8.645
0.755 1.367 3.620 8.666
1.060 1.367 3.620 8.698
1.356 1.439 3.620 8.668
1.659 1.464 3.620 8.695
1.971 1.464 3.620 8.760
2.679 0.000 3.620 10.353
3.057 0.000 3.620 10.457
3.443 0.000 3.620 10.576
3.839 0.000 3.620 10.711
4.245 0.000 3.620 10.864
4.663 0.000 3.620 11.034
5.095 0.000 3.620 11.223
5.543 0.000 3.620 11.434
6.009 0.000 3.620 11.666
6.494 0.000 3.620 11.924
7.002 0.000 3.620 12.208
7.536 0.000 3.620 12.521
8.098 0.000 3.620 12.868
8.693 0.000 3.620 13.250
9.325 0.000 3.620 13.673
10.000 0.000 3.620 14.142
10.724 0.000 3.620 14.663
11.504 0.000 3.620 15.243
12.349 0.000 3.620 15.890
13.270 0.000 3.620 16.616
14.281 0.000 3.620 17.434
15.399 0.000 3.620 18.361
16.643 0.000 3.620 19.416
-2.254 8.852 3.960 2.530
-2.140 8.814 3.960 2.447
-2.033 8.778 3.960 2.372
-1.933 8.745 3.960 2.304
-2.721 8.095 3.960 3.322
-2.630 8.018 3.960 3.294
-2.541 7.942 3.960 3.270
-2.415 7.901 3.960 3.200
-2.366 7.794 3.960 3.234
-2.279 7.721 3.960 3.223
-2.182 7.660 3.960 3.199
-2.013 7.685 3.960 3.068
-1.883 7.675 3.960 2.992
-1.747 7.682 3.960 2.903
-1.619 7.688 3.960 2.823
-1.592 7.548 3.960 2.924
-1.489 7.523 3.960 2.890
-1.391 7.491 3.960 2.868
-1.294 7.460 3.960 2.851
-1.199 7.428 3.960 2.838
-1.107 7.392 3.960 2.833
-1.008 7.374 3.960 2.813
-0.903 7.379 3.960 2.772
-3.057 0.000 3.960 10.457
-2.679 0.000 3.960 10.353
-2.012 1.284 3.960 8.945
-1.681 1.351 3.960 8.811
-1.370 1.351 3.960 8.757
-1.051 1.440 3.960 8.624
-0.762 1.287 3.960 8.747
-0.456 1.301 3.960 8.711
-0.134 2.327 3.960 7.675
0.133 2.370 3.960 7.631
0.456 1.300 3.960 8.712
0.762 1.287 3.960 8.747
1.051 1.440 3.960 8.624
1.370 1.351 3.960 8.757
1.681 1.351 3.960 8.811
1.997 1.351 3.960 8.877
2.679 0.000 3.960 10.353
3.057 0.000 3.960 10.457
3.443 0.000 3.960 10.576
3.839 0.000 3.960 10.711
4.245 0.000 3.960 10.864
4.663 0.000 3.960 11.034
5.095 0.000 3.960 11.223
5.543 0.000 3.960 11.434
6.009 0.000 3.960 11.666
6.494 0.000 3.960 11.924
7.002 0.000 3.960 12.208
7.536 0.000 3.960 12.521
8.098 0.000 3.960 12.868
8.693 0.000 3.960 13.250
9.325 0.000 3.960 13.673
10.000 0.000 3.960 14.142
10.724 0.000 3.960 14.663
11.504 0.000 3.960 15.243
12.349 0.000 3.960 15.890
13.270 0.000 3.960 16.616
14.281 0.000 3.960 17.434
15.399 0.000 3.960 18.361
16.643 0.000 3.960 19.416
-2.285 8.836 4.300 2.565
-2.177 8.793 4.300 2.490
-2.076 8.753 4.300 2.422
-1.979 8.715 4.300 2.360
-1.887 8.678 4.300 2.304
-2.660 7.996 4.300 3.331
-2.440 8.024 4.300 3.140
-2.263 8.033 4.300 2.999
-2.119 8.024 4.300 2.898
-2.217 7.783 4.300 3.135
-2.060 7.791 4.300 3.020
-1.914 7.798 4.300 2.917
-1.778 7.805 4.300 2.825
-1.649 7.811 4.300 2.741
-1.529 7.817 4.300 2.665
-1.414 7.823 4.300 2.596
-1.311 7.818 4.300 2.545
-1.399 7.476 4.300 2.886
-1.281 7.485 4.300 2.822
-1.170 7.491 4.300 2.769
-1.063 7.496 4.300 2.721
-0.910 7.629 4.300 2.539
-0.798 7.681 4.300 2.452
-0.694 7.730 4.300 2.374
-0.596 7.775 4.300 2.303
-0.506 7.807 4.300 2.251
-0.424 7.818 4.300 2.222
-0.345 7.822 4.300 2.205
-0.267 7.826 4.300 2.190
-0.190 7.830 4.300 2.178
-0.524 0.000 4.300 10.014
-0.175 0.000 4.300 10.002
0.175 0.000 4.300 10.002
0.524 0.000 4.300 10.014
0.875 0.000 4.300 10.038
1.228 0.000 4.300 10.075
1.584 0.000 4.300 10.125
1.944 0.000 4.300 10.187
2.309 0.000 4.300 10.263
2.679 0.000 4.300 10.353
3.057 0.000 4.300 10.457
3.443 0.000 4.300 10.576
3.839 0.000 4.300 10.711
4.245 0.000 4.300 10.864
4.663 0.000 4.300 11.034
5.095 0.000 4.300 11.223
5.543 0.000 4.300 11.434
6.009 0.000 4.300 11.666
6.494 0.000 4.300 11.924
7.002 0.000 4.300 12.208
7.536 0.000 4.300 12.521
8.098 0.000 4.300 12.868
8.693 0.000 4.300 13.250
9.325 0.000 4.300 13.673
10.000 0.000 4.300 14.142
10.724 0.000 4.300 14.663
11.504 0.000 4.300 15.243
12.349 0.000 4.300 15.890
13.270 0.000 4.300 16.616
14.281 0.000 4.300 17.434
15.399 0.000 4.300 18.361
16.643 0.000 4.300 19.416
-2.372 8.791 4.640 2.662
-2.259 8.748 4.640 2.583
-2.153 8.706 4.640 2.512
-2.053 8.667 4.640 2.448
-1.958 8.629 4.640 2.390
-1.867 8.593 4.640 2.338
-1.780 8.559 4.640 2.290
-2.239 8.053 4.640 2.967
-2.106 8.036 4.640 2.880
-2.090 7.910 4.640 2.956
-1.960 7.898 4.640 2.875
-1.838 7.886 4.640 2.801
-1.721 7.875 4.640 2.734
-1.609 7.865 4.640 2.674
-1.502 7.855 4.640 2.619
-1.399 7.846 4.640 2.568
-1.295 7.844 4.640 2.515
-1.342 7.578 4.640 2.769
-1.062 7.916 4.640 2.339
-0.986 7.885 4.640 2.334
-0.911 7.853 4.640 2.332
-0.836 7.822 4.640 2.333
-0.737 7.861 4.640 2.263
-0.644 7.893 4.640 2.203
-0.556 7.924 4.640 2.149
-0.475 7.941 4.640 2.113
-0.400 7.944 4.640 2.094
-0.325 7.948 4.640 2.078
-0.252 7.952 4.640 2.064
-0.179 7.955 4.640 2.053
-0.104 8.007 4.640 1.996
-0.033 8.126 4.640 1.874
0.036 7.965 4.640 2.035
0.107 7.961 4.640 2.042
0.875 0.000 4.640 10.038
1.228 0.000 4.640 10.075
1.584 0.000 4.640 10.125
1.944 0.000 4.640 10.187
2.309 0.000 4.640 10.263
2.679 0.000 4.640 10.353
3.057 0.000 4.640 10.457
3.443 0.000 4.640 10.576
3.839 0.000 4.640 10.711
4.245 0.000 4.640 10.864
4.663 0.000 4.640 11.034
5.095 0.000 4.640 11.223
5.543 0.000 4.640 11.434
6.009 0.000 4.640 11.666
6.494 0.000 4.640 11.924
7.002 0.000 4.640 12.208
7.536 0.000 4.640 12.521
8.098 0.000 4.640 12.868
8.693 0.000 4.640 13.250
9.325 0.000 4.640 13.673
10.000 0.000 4.640 14.142
10.724 0.000 4.640 14.663
11.504 0.000 4.640 15.243
12.349 0.000 4.640 15.890
13.270 0.000 4.640 16.616
14.281 0.000 4.640 17.434
15.399 0.000 4.640 18.361
16.643 0.000 4.640 19.416
-2.662 8.644 4.980 2.987
-2.516 8.605 4.980 2.876
-2.380 8.570 4.980 2.777
-2.254 8.536 4.980 2.687
-2.135 8.505 4.980 2.606
-2.023 8.476 4.980 2.533
-1.917 8.448 4.980 2.467
-2.351 7.956 4.980 3.116
-2.201 7.947 4.980 3.010
-2.160 7.840 4.980 3.055
-1.997 7.859 4.980 2.928
-1.852 7.870 4.980 2.823
-1.717 7.880 4.980 2.728
-1.596 7.882 4.980 2.652
-1.491 7.871 4.980 2.599
-1.394 7.854 4.980 2.559
-1.299 7.838 4.980 2.523
-1.422 7.434 4.980 2.934
-1.262 7.523 4.980 2.780
-1.101 7.640 4.980 2.604
-0.960 7.738 4.980 2.458
-0.843 7.804 4.980 2.353
-0.730 7.880 4.980 2.242
-0.625 7.956 4.980 2.137
-0.533 8.010 4.980 2.060
-0.457 8.020 4.980 2.032
-0.384 8.025 4.980 2.012
-0.314 8.018 4.980 2.006
-0.244 8.012 4.980 2.003
-0.175 8.005 4.980 2.002
-0.105 7.999 4.980 2.004
-0.035 7.992 4.980 2.008
0.035 7.987 4.980 2.014
0.106 7.984 4.980 2.019
0.177 7.971 4.980 2.037
0.297 7.584 4.980 2.434
1.584 0.000 4.980 10.125
1.944 0.000 4.980 10.187
2.309 0.000 4.980 10.263
2.679 0.000 4.980 10.353
3.057 0.000 4.980 10.457
3.443 0.000 4.980 10.576
3.839 0.000 4.980 10.711
4.245 0.000 4.980 10.864
4.663 0.000 4.980 11.034
5.095 0.000 4.980 11.223
5.543 0.000 4.980 11.434
6.009 0.000 4.980 11.666
6.494 0.000 4.980 11.924
7.002 0.000 4.980 12.208
7.536 0.000 4.980 12.521
8.098 0.000 4.980 12.868
8.693 0.000 4.980 13.250
9.325 0.000 4.980 13.673
10.000 0.000 4.980 14.142
10.724 0.000 4.980 14.663
11.504 0.000 4.980 15.243
12.349 0.000 4.980 15.890
13.270 0.000 4.980 16.616
14.281 0.000 4.980 17.434
15.399 0.000 4.980 18.361
16.643 0.000 4.980 19.416
-2.957 8.493 5.320 3.319
-2.835 8.428 5.320 3.242
-2.641 8.413 5.320 3.081
-2.142 8.609 5.320 2.554
-1.740 8.781 5.320 2.125
-1.606 8.790 5.320 2.011
-1.488 8.795 5.320 1.914
-1.380 8.801 5.320 1.828
-2.229 7.922 5.320 3.047
-2.139 7.861 5.320 3.026
-2.059 7.792 5.320 3.019
-1.897 7.818 5.320 2.892
-1.811 7.764 5.320 2.878
-1.677 7.774 5.320 2.787
-1.554 7.780 5.320 2.710
-1.439 7.784 5.320 2.643
-1.337 7.774 5.320 2.597
-1.507 7.281 5.320 3.109
-1.370 7.312 5.320 3.017
-1.145 7.544 5.320 2.710
-1.010 7.620 5.320 2.586
-0.887 7.689 5.320 2.475
-0.773 7.755 5.320 2.374
-0.662 7.836 5.320 2.263
-0.572 7.867 5.320 2.208
-0.488 7.886 5.320 2.170
-0.407 7.904 5.320 2.135
-0.329 7.920 5.320 2.106
-0.255 7.926 5.320 2.090
-0.181 7.932 5.320 2.076
-0.108 7.937 5.320 2.066
-0.036 7.941 5.320 2.060
0.036 7.943 5.320 2.058
0.108 7.935 5.320 2.068
0.875 0.000 5.320 10.038
1.228 0.000 5.320 10.075
1.584 0.000 5.320 10.125
1.944 0.000 5.320 10.187
2.309 0.000 5.320 10.263
2.679 0.000 5.320 10.353
3.057 0.000 5.320 10.457
3.443 0.000 5.320 10.576
3.839 0.000 5.320 10.711
4.245 0.000 5.320 10.864
4.663 0.000 5.320 11.034
5.095 0.000 5.320 11.223
5.543 0.000 5.320 11.434
6.009 0.000 5.320 11.666
6.494 0.000 5.320 11.924
7.002 0.000 5.320 12.208
7.536 0.000 5.320 12.521
8.098 0.000 5.320 12.868
8.693 0.000 5.320 13.250
9.325 0.000 5.320 13.673
10.000 0.000 5.320 14.142
10.724 0.000 5.320 14.663
11.504 0.000 5.320 15.243
12.349 0.000 5.320 15.890
13.270 0.000 5.320 16.616
14.281 0.000 5.320 17.434
15.399 0.000 5.320 18.361
16.643 0.000 5.320 19.416
-2.853 8.546 5.660 3.202
-2.745 8.479 5.660 3.138
-1.893 8.863 5.660 2.208
-1.677 8.911 5.660 2.000
-1.560 8.908 5.660 1.904
-1.462 8.899 5.660 1.830
-1.371 8.890 5.660 1.764
-1.286 8.882 5.660 1.704
-1.202 8.879 5.660 1.644
-1.709 8.292 5.660 2.416
-1.543 8.346 5.660 2.262
-2.024 7.672 5.660 3.085
-1.923 7.625 5.660 3.055
-1.765 7.658 5.660 2.933
-1.635 7.665 5.660 2.851
-1.637 7.480 5.660 3.005
-1.511 7.486 5.660 2.933
-1.390 7.492 5.660 2.868
-1.322 7.406 5.660 2.911
-1.207 7.412 5.660 2.856
-1.096 7.417 5.660 2.806
-0.989 7.422 5.660 2.761
-0.812 7.642 5.660 2.494
-0.702 7.703 5.660 2.402
-0.610 7.724 5.660 2.356
-0.521 7.744 5.660 2.315
-0.435 7.764 5.660 2.278
-0.351 7.783 5.660 2.245
-0.270 7.801 5.660 2.215
-0.191 7.819 5.660 2.189
-0.524 0.000 5.660 10.014
-0.175 0.000 5.660 10.002
0.175 0.000 5.660 10.002
0.524 0.000 5.660 10.014
0.875 0.000 5.660 10.038
1.228 0.000 5.660 10.075
1.584 0.000 5.660 10.125
1.944 0.000 5.660 10.187
2.309 0.000 5.660 10.263
2.679 0.000 5.660 10.353
3.057 0.000 5.660 10.457
3.443 0.000 5.660 10.576
3.839 0.000 5.660 10.711
4.245 0.000 5.660 10.864
4.663 0.000 5.660 11.034
5.095 0.000 5.660 11.223
5.543 0.000 5.660 11.434
6.009 0.000 5.660 11.666
6.494 0.000 5.660 11.924
7.002 0.000 5.660 12.208
7.536 0.000 5.660 12.521
8.098 0.000 5.660 12.868
8.693 0.000 5.660 13.250
9.325 0.000 5.660 13.673
10.000 0.000 5.660 14.142
10.724 0.000 5.660 14.663
11.504 0.000 5.660 15.243
12.349 0.000 5.660 15.890
13.270 0.000 5.660 16.616
14.281 0.000 5.660 17.434
15.399 0.000 5.660 18.361
16.643 0.000 5.660 19.416
-2.835 8.556 6.000 3.182
-2.737 8.483 6.000 3.129
-2.419 8.547 6.000 2.822
-1.826 8.814 6.000 2.177
-1.633 8.856 6.000 1.994
-1.505 8.866 6.000 1.884
-1.389 8.875 6.000 1.788
-1.296 8.874 6.000 1.717
-1.221 8.861 6.000 1.670
-1.980 8.020 6.000 2.800
-1.838 8.029 6.000 2.694
-1.705 8.038 6.000 2.599
-1.576 8.054 6.000 2.505
-1.405 8.136 6.000 2.334
-1.749 7.502 6.000 3.049
-1.609 7.522 6.000 2.955
-1.469 7.556 6.000 2.852
-1.375 7.519 6.000 2.837
-1.283 7.482 6.000 2.826
-1.157 7.518 6.000 2.739
-1.091 7.430 6.000 2.792
-0.983 7.439 6.000 2.744
-0.884 7.433 6.000 2.715
-0.788 7.424 6.000 2.694
-0.692 7.416 6.000 2.675
-0.599 7.404 6.000 2.664
-0.508 7.388 6.000 2.660
-0.529 6.663 6.000 3.379
-0.400 6.745 6.000 3.279
-0.875 0.000 6.000 10.038
-0.524 0.000 6.000 10.014
-0.175 0.000 6.000 10.002
0.175 0.000 6.000 10.002
0.524 0.000 6.000 10.014
0.875 0.000 6.000 10.038
1.228 0.000 6.000 10.075
1.584 0.000 6.000 10.125
1.944 0.000 6.000 10.187
2.309 0.000 6.000 10.263
2.679 0.000 6.000 10.353
3.057 0.000 6.000 10.457
3.443 0.000 6.000 10.576
3.839 0.000 6.000 10.711
4.245 0.000 6.000 10.864
4.663 0.000 6.000 11.034
5.095 0.000 6.000 11.223
5.543 0.000 6.000 11.434
6.009 0.000 6.000 11.666
6.494 0.000 6.000 11.924
7.002 0.000 6.000 12.208
7.536 0.000 6.000 12.521
8.098 0.000 6.000 12.868
8.693 0.000 6.000 13.250
9.325 0.000 6.000 13.673
10.000 0.000 6.000 14.142
10.724 0.000 6.000 14.663
11.504 0.000 6.000 15.243
12.349 0.000 6.000 15.890
13.270 0.000 6.000 16.616
14.281 0.000 6.000 17.434
15.399 0.000 6.000 18.361
16.643 0.000 6.000 19.416
-2.236 8.861 6.340 2.510
-2.289 8.731 6.340 2.617
-2.344 8.591 6.340 2.735
-2.242 8.544 6.340 2.673
-1.913 8.660 6.340 2.336
-1.719 8.704 6.340 2.153
-1.554 8.742 6.340 1.999
-2.511 7.817 6.340 3.327
-2.546 7.626 6.340 3.481
-2.427 7.573 6.340 3.433
-2.140 7.705 6.340 3.138
-2.127 7.553 6.340 3.243
-2.007 7.521 6.340 3.189
-1.891 7.491 6.340 3.142
-1.731 7.527 6.340 3.019
-1.587 7.556 6.340 2.914
-1.472 7.550 6.340 2.859
-1.362 7.544 6.340 2.808
-1.154 7.734 6.340 2.543
-1.177 7.477 6.340 2.784
-1.085 7.443 6.340 2.777
-0.994 7.410 6.340 2.774
-0.903 7.377 6.340 2.775
-0.812 7.343 6.340 2.778
-0.711 7.346 6.340 2.748
-0.613 7.347 6.340 2.723
-0.777 6.001 6.340 4.074
-0.637 5.980 6.340 4.070
-0.706 4.246 6.340 5.797
-0.509 4.183 6.340 5.839
-0.524 0.000 6.340 10.014
-0.175 0.000 6.340 10.002
0.175 0.000 6.340 10.002
0.524 0.000 6.340 10.014
0.875 0.000 6.340 10.038
1.228 0.000 6.340 10.075
1.584 0.000 6.340 10.125
1.944 0.000 6.340 10.187
2.309 0.000 6.340 10.263
2.679 0.000 6.340 10.353
3.057 0.000 6.340 10.457
3.443 0.000 6.340 10.576
3.839 0.000 6.340 10.711
4.245 0.000 6.340 10.864
4.663 0.000 6.340 11.034
5.095 0.000 6.340 11.223
5.543 0.000 6.340 11.434
6.009 0.000 6.340 11.666
6.494 0.000 6.340 11.924
7.002 0.000 6.340 12.208
7.536 0.000 6.340 12.521
8.098 0.000 6.340 12.868
8.693 0.000 6.340 13.250
9.325 0.000 6.340 13.673
10.000 0.000 6.340 14.142
10.724 0.000 6.340 14.663
11.504 0.000 6.340 15.243
12.349 0.000 6.340 15.890
13.270 0.000 6.340 16.616
14.281 0.000 6.340 17.434
15.399 0.000 6.340 18.361
16.643 0.000 6.340 19.416
-2.260 8.849 6.680 2.536
-2.280 8.736 6.680 2.607
-2.216 8.669 6.680 2.585
-2.113 8.628 6.680 2.519
-2.015 8.589 6.680 2.460
-1.922 8.552 6.680 2.406
-1.832 8.516 6.680 2.357
-2.576 7.761 6.680 3.413
-2.347 7.811 6.680 3.209
-2.027 7.973 6.680 2.866
-2.060 7.791 6.680 3.020
-2.000 7.700 6.680 3.048
-1.896 7.658 6.680 3.013
-1.798 7.614 6.680 2.988
-1.702 7.570 6.680 2.967
-1.606 7.527 6.680 2.949
-1.489 7.522 6.680 2.891
-1.378 7.513 6.680 2.843
-1.270 7.507 6.680 2.798
-1.170 7.491 6.680 2.768
-1.205 7.161 6.680 3.084
-1.079 7.190 6.680 3.010
-0.958 7.217 6.680 2.943
-0.847 7.229 6.680 2.898
-1.109 5.860 6.680 4.286
-0.951 5.881 6.680 4.227
-0.799 5.887 6.680 4.190
-0.908 4.269 6.680 5.802
-0.713 4.193 6.680 5.851
-0.515 4.114 6.680 5.908
-0.524 0.000 6.680 10.014
-0.175 0.000 6.680 10.002
0.175 0.000 6.680 10.002
0.524 0.000 6.680 10.014
0.875 0.000 6.680 10.038
1.228 0.000 6.680 10.075
1.584 0.000 6.680 10.125
1.944 0.000 6.680 10.187
2.309 0.000 6.680 10.263
2.679 0.000 6.680 10.353
3.057 0.000 6.680 10.457
3.443 0.000 6.680 10.576
3.839 0.000 6.680 10.711
4.245 0.000 6.680 10.864
4.663 0.000 6.680 11.034
5.095 0.000 6.680 11.223
5.543 0.000 6.680 11.434
6.009 0.000 6.680 11.666
6.494 0.000 6.680 11.924
7.002 0.000 6.680 12.208
7.536 0.000 6.680 12.521
8.098 0.000 6.680 12.868
8.693 0.000 6.680 13.250
9.325 0.000 6.680 13.673
10.000 0.000 6.680 14.142
10.724 0.000 6.680 14.663
11.504 0.000 6.680 15.243
12.349 0.000 6.680 15.890
13.270 0.000 6.680 16.616
14.281 0.000 6.680 17.434
15.399 0.000 6.680 18.361
16.643 0.000 6.680 19.416
-2.315 8.820 7.020 2.599
-2.308 8.721 7.020 2.639
-2.197 8.680 7.020 2.563
-2.092 8.642 7.020 2.494
-2.450 8.284 7.020 2.991
-3.203 7.586 7.020 4.011
-2.756 7.769 7.020 3.546
-2.463 7.859 7.020 3.263
-2.305 7.851 7.020 3.151
-2.066 7.934 7.020 2.922
-2.069 7.782 7.020 3.033
-1.962 7.743 7.020 2.991
-1.859 7.705 7.020 2.954
-1.758 7.667 7.020 2.921
-2.037 7.090 7.020 3.552
-2.001 6.919 7.020 3.674
-1.879 6.874 7.020 3.647
-1.758 6.829 7.020 3.625
-1.638 6.785 7.020 3.608
-1.619 6.527 7.020 3.832
-1.492 6.485 7.020 3.818
-1.432 6.270 7.020 3.996
-1.537 5.536 7.020 4.721
-1.380 5.486 7.020 4.721
-1.445 4.608 7.020 5.582
-1.338 4.203 7.020 5.949
-1.137 4.150 7.020 5.959
-0.935 4.097 7.020 5.976
-0.731 4.044 7.020 6.001
-0.526 3.989 7.020 6.033
-0.329 3.724 7.020 6.285
-0.111 3.653 7.020 6.348
0.101 4.213 7.020 5.788
0.524 0.000 7.020 10.014
0.875 0.000 7.020 10.038
1.228 0.000 7.020 10.075
1.584 0.000 7.020 10.125
1.944 0.000 7.020 10.187
2.309 0.000 7.020 10.263
2.679 0.000 7.020 10.353
3.057 0.000 7.020 10.457
3.443 0.000 7.020 10.576
3.839 0.000 7.020 10.711
4.245 0.000 7.020 10.864
4.663 0.000 7.020 11.034
5.095 0.000 7.020 11.223
5.543 0.000 7.020 11.434
6.009 0.000 7.020 11.666
6.494 0.000 7.020 11.924
7.002 0.000 7.020 12.208
7.536 0.000 7.020 12.521
8.098 0.000 7.020 12.868
8.693 0.000 7.020 13.250
9.325 0.000 7.020 13.673
10.000 0.000 7.020 14.142
10.724 0.000 7.020 14.663
11.504 0.000 7.020 15.243
12.349 0.000 7.020 15.890
13.270 0.000 7.020 16.616
14.281 0.000 7.020 17.434
15.399 0.000 7.020 18.361
16.643 0.000 7.020 19.416
-2.469 8.742 7.360 2.771
-2.488 8.621 7.360 2.845
-2.550 8.468 7.360 2.975
-2.675 8.263 7.360 3.189
-3.635 7.454 7.360 4.438
-3.474 7.382 7.360 4.349
-2.736 7.784 7.360 3.521
-2.501 7.826 7.360 3.314
-2.334 7.824 7.360 3.191
-2.187 7.813 7.360 3.094
-2.057 7.794 7.360 3.017
-2.600 7.009 7.360 3.963
-2.426 7.004 7.360 3.855
-2.264 6.995 7.360 3.762
-2.117 6.977 7.360 3.690
-1.992 6.932 7.360 3.658
-2.035 6.613 7.360 3.952
-1.889 6.592 7.360 3.896
-1.758 6.550 7.360 3.872
-1.629 6.507 7.360 3.854
-1.504 6.457 7.360 3.848
-1.379 6.408 7.360 3.847
-1.312 6.190 7.360 4.030
-1.400 5.420 7.360 4.789
-1.244 5.358 7.360 4.805
-1.377 4.036 7.360 6.120
-1.180 3.928 7.360 6.185
-0.964 3.911 7.360 6.164
-0.754 3.858 7.360 6.188
-0.546 3.756 7.360 6.268
-0.305 4.178 7.360 5.830
-0.100 4.274 7.360 5.727
0.099 4.356 7.360 5.645
0.294 4.386 7.360 5.622
0.490 4.396 7.360 5.626
1.228 0.000 7.360 10.075
1.584 0.000 7.360 10.125
1.944 0.000 7.360 10.187
2.309 0.000 7.360 10.263
2.679 0.000 7.360 10.353
3.057 0.000 7.360 10.457
3.443 0.000 7.360 10.576
3.839 0.000 7.360 10.711
4.245 0.000 7.360 10.864
4.663 0.000 7.360 11.034
5.095 0.000 7.360 11.223
5.543 0.000 7.360 11.434
6.009 0.000 7.360 11.666
6.494 0.000 7.360 11.924
7.002 0.000 7.360 12.208
7.536 0.000 7.360 12.521
8.098 0.000 7.360 12.868
8.693 0.000 7.360 13.250
9.325 0.000 7.360 13.673
10.000 0.000 7.360 14.142
10.724 0.000 7.360 14.663
11.504 0.000 7.360 15.243
12.349 0.000 7.360 15.890
13.270 0.000 7.360 16.616
14.281 0.000 7.360 17.434
15.399 0.000 7.360 18.361
16.643 0.000 7.360 19.416
-3.784 7.902 7.700 4.327
-3.820 7.705 7.700 4.456
-3.752 7.563 7.700 4.474
-3.574 7.498 7.700 4.363
-3.403 7.435 7.700 4.262
-12.349 0.000 7.700 15.890
-11.504 0.000 7.700 15.243
-10.724 0.000 7.700 14.663
-10.000 0.000 7.700 14.142
-9.325 0.000 7.700 13.673
-8.693 0.000 7.700 13.250
-3.114 6.155 7.700 4.948
-2.829 6.246 7.700 4.700
-2.388 6.589 7.700 4.164
-2.281 6.487 7.700 4.189
-2.084 6.532 7.700 4.045
-1.944 6.494 7.700 4.009
-1.806 6.456 7.700 3.978
-1.670 6.418 7.700 3.952
-1.536 6.381 7.700 3.931
-1.405 6.341 7.700 3.919
-1.277 6.291 7.700 3.923
-1.243 5.936 7.700 4.250
-1.073 5.996 7.700 4.145
-0.923 6.003 7.700 4.102
-0.775 6.011 7.700 4.064
-0.999 3.692 7.700 6.387
-0.781 3.640 7.700 6.408
-0.497 4.323 7.700 5.698
-0.298 4.307 7.700 5.701
-0.097 4.422 7.700 5.579
0.096 4.490 7.700 5.511
0.288 4.511 7.700 5.497
0.479 4.520 7.700 5.501
0.673 4.520 7.700 5.521
0.870 4.505 7.700 5.563
1.944 0.000 7.700 10.187
2.309 0.000 7.700 10.263
2.679 0.000 7.700 10.353
3.057 0.000 7.700 10.457
3.443 0.000 7.700 10.576
3.839 0.000 7.700 10.711
4.245 0.000 7.700 10.864
4.663 0.000 7.700 11.034
5.095 0.000 7.700 11.223
5.543 0.000 7.700 11.434
6.009 0.000 7.700 11.666
6.494 0.000 7.700 11.924
7.002 0.000 7.700 12.208
7.536 0.000 7.700 12.521
8.098 0.000 7.700 12.868
8.693 0.000 7.700 13.250
9.325 0.000 7.700 13.673
10.000 0.000 7.700 14.142
10.724 0.000 7.700 14.663
11.504 0.000 7.700 15.243
12.349 0.000 7.700 15.890
13.270 0.000 7.700 16.616
14.281 0.000 7.700 17.434
15.399 0.000 7.700 18.361
16.643 0.000 7.700 19.416
-4.233 7.654 8.040 4.839
-3.913 7.649 8.040 4.566
-3.736 7.574 8.040 4.455
-4.107 7.124 8.040 5.014
-13.270 0.000 8.040 16.616
-12.349 0.000 8.040 15.890
-11.504 0.000 8.040 15.243
-10.724 0.000 8.040 14.663
-10.000 0.000 8.040 14.142
-9.325 0.000 8.040 13.673
-3.380 6.112 8.040 5.152
-2.634 6.748 8.040 4.185
-2.478 6.712 8.040 4.117
-2.326 6.678 8.040 4.056
-2.197 6.617 8.040 4.034
-2.226 6.296 8.040 4.322
-2.054 6.294 8.040 4.237
-1.899 6.273 8.040 4.183
-1.756 6.235 8.040 4.154
-1.614 6.198 8.040 4.130
-1.474 6.161 8.040 4.112
-1.367 6.031 8.040 4.198
-1.195 6.091 8.040 4.087
-1.039 6.122 8.040 4.014
-0.894 6.130 8.040 3.972
-0.752 6.129 8.040 3.943
-0.615 6.116 8.040 3.932
-0.478 6.109 8.040 3.920
-0.513 4.137 8.040 5.885
-0.300 4.276 8.040 5.732
-0.098 4.402 8.040 5.599
0.095 4.536 8.040 5.464
0.285 4.562 8.040 5.446
0.476 4.557 8.040 5.464
0.671 4.538 8.040 5.503
0.869 4.516 8.040 5.552
1.944 0.000 8.040 10.187
2.309 0.000 8.040 10.263
2.679 0.000 8.040 10.353
3.057 0.000 8.040 10.457
3.443 0.000 8.040 10.576
3.839 0.000 8.040 10.711
4.245 0.000 8.040 10.864
4.663 0.000 8.040 11.034
5.095 0.000 8.040 11.223
5.543 0.000 8.040 11.434
6.009 0.000 8.040 11.666
6.494 0.000 8.040 11.924
7.002 0.000 8.040 12.208
7.536 0.000 8.040 12.521
8.098 0.000 8.040 12.868
8.693 0.000 8.040 13.250
9.325 0.000 8.040 13.673
10.000 0.000 8.040 14.142
10.724 0.000 8.040 14.663
11.504 0.000 8.040 15.243
12.349 0.000 8.040 15.890
13.270 0.000 8.040 16.616
14.281 0.000 8.040 17.434
15.399 0.000 8.040 18.361
16.643 0.000 8.040 19.416
-16.643 0.000 8.380 19.416
-4.233 7.251 8.380 5.048
-14.281 0.000 8.380 17.434
-13.270 0.000 8.380 16.616
-12.349 0.000 8.380 15.890
-11.504 0.000 8.380 15.243
-10.724 0.000 8.380 14.663
-10.000 0.000 8.380 14.142
-2.899 6.891 8.380 4.251
-2.713 6.880 8.380 4.135
-2.542 6.861 8.380 4.039
-2.391 6.827 8.380 3.973
-2.271 6.756 8.380 3.960
-2.154 6.683 8.380 3.956
-2.034 6.615 8.380 3.949
-1.914 6.547 8.380 3.948
-1.796 6.476 8.380 3.955
-1.846 6.041 8.380 4.369
-1.670 6.066 8.380 4.274
-1.528 6.018 8.380 4.265
-1.382 5.985 8.380 4.246
-1.201 6.071 8.380 4.109
-1.040 6.119 8.380 4.018
-0.893 6.130 8.380 3.971
-0.750 6.141 8.380 3.931
-0.613 6.130 8.380 3.918
-0.553 5.498 8.380 4.536
-0.518 4.081 8.380 5.942
-0.305 4.184 8.380 5.824
-0.099 4.307 8.380 5.694
0.098 4.403 8.380 5.598
0.291 4.447 8.380 5.561
0.484 4.468 8.380 5.554
0.678 4.479 8.380 5.562
0.945 4.031 8.380 6.043
1.163 4.017 8.380 6.095
2.309 0.000 8.380 10.263
2.679 0.000 8.380 10.353
3.057 0.000 8.380 10.457
3.443 0.000 8.380 10.576
3.839 0.000 8.380 10.711
4.245 0.000 8.380 10.864
4.663 0.000 8.380 11.034
5.095 0.000 8.380 11.223
5.543 0.000 8.380 11.434
6.009 0.000 8.380 11.666
6.494 0.000 8.380 11.924
7.002 0.000 8.380 12.208
7.536 0.000 8.380 12.521
8.098 0.000 8.380 12.868
8.693 0.000 8.380 13.250
9.325 0.000 8.380 13.673
10.000 0.000 8.380 14.142
10.724 0.000 8.380 14.663
11.504 0.000 8.380 15.243
12.349 0.000 8.380 15.890
13.270 0.000 8.380 16.616
14.281 0.000 8.380 17.434
15.399 0.000 8.380 18.361
16.643 0.000 8.380 19.416
-16.643 0.000 8.720 19.416
-15.399 0.000 8.720 18.361
-14.281 0.000 8.720 17.434
-13.270 0.000 8.720 16.616
-12.349 0.000 8.720 15.890
-11.504 0.000 8.720 15.243
-10.724 0.000 8.720 14.663
-10.000 0.000 8.720 14.142
-2.880 6.912 8.720 4.223
-2.667 6.932 8.720 4.065
-2.474 6.945 8.720 3.931
-2.337 6.898 8.720 3.884
-2.228 6.819 8.720 3.884
-2.112 6.748 8.720 3.877
-2.004 6.665 8.720 3.891
-1.896 6.580 8.720 3.911
-1.781 6.505 8.720 3.922
-1.661 6.438 8.720 3.931
-1.573 6.293 8.720 4.027
-1.430 6.275 8.720 3.990
-1.300 6.225 8.720 3.992
-1.172 6.167 8.720 4.008
-1.043 6.109 8.720 4.029
-0.921 6.012 8.720 4.093
-0.772 6.030 8.720 4.044
-0.628 6.035 8.720 4.014
-0.688 4.398 8.720 5.644
-0.506 4.214 8.720 5.808
-0.307 4.136 8.720 5.872
-0.101 4.212 8.720 5.789
0.100 4.269 8.720 5.732
0.298 4.314 8.720 5.694
0.494 4.358 8.720 5.663
0.730 4.056 8.720 5.989
0.942 4.050 8.720 6.024
1.163 4.016 8.720 6.096
2.309 0.000 8.720 10.263
2.679 0.000 8.720 10.353
3.057 0.000 8.720 10.457
3.443 0.000 8.720 10.576
3.839 0.000 8.720 10.711
4.245 0.000 8.720 10.864
4.663 0.000 8.720 11.034
5.095 0.000 8.720 11.223
5.543 0.000 8.720 11.434
6.009 0.000 8.720 11.666
6.494 0.000 8.720 11.924
7.002 0.000 8.720 12.208
7.536 0.000 8.720 12.521
8.098 0.000 8.720 12.868
8.693 0.000 8.720 13.250
9.325 0.000 8.720 13.673
10.000 0.000 8.720 14.142
10.724 0.000 8.720 14.663
11.504 0.000 8.720 15.243
12.349 0.000 8.720 15.890
13.270 0.000 8.720 16.616
14.281 0.000 8.720 17.434
15.399 0.000 8.720 18.361
16.643 0.000 8.720 19.416
-16.643 0.000 9.060 19.416
-15.399 0.000 9.060 18.361
-14.281 0.000 9.060 17.434
-13.270 0.000 9.060 16.616
-12.349 0.000 9.060 15.890
-11.504 0.000 9.060 15.243
-10.724 0.000 9.060 14.663
-10.000 0.000 9.060 14.142
-9.325 0.000 9.060 13.673
-2.752 6.834 9.060 4.195
-2.571 6.825 9.060 4.085
-2.411 6.800 9.060 4.007
-2.277 6.749 9.060 3.969
-2.150 6.690 9.060 3.947
-2.031 6.620 9.060 3.943
-1.983 6.423 9.060 4.090
-1.805 6.458 9.060 3.976
-1.634 6.496 9.060 3.866
-1.508 6.447 9.060 3.860
-1.309 6.590 9.060 3.653
-1.258 6.347 9.060 3.863
-1.132 6.297 9.060 3.872
-1.006 6.247 9.060 3.886
-0.879 6.192 9.060 3.908
-0.886 5.441 9.060 4.644
-0.893 4.362 9.060 5.708
-0.700 4.302 9.060 5.741
-0.505 4.230 9.060 5.792
-0.326 3.778 9.060 6.231
-0.111 3.632 9.060 6.369
0.109 3.758 9.060 6.243
0.321 3.869 9.060 6.140
0.532 3.917 9.060 6.107
0.743 3.947 9.060 6.098
0.957 3.960 9.060 6.116
1.944 0.000 9.060 10.187
2.309 0.000 9.060 10.263
2.679 0.000 9.060 10.353
3.057 0.000 9.060 10.457
3.443 0.000 9.060 10.576
3.839 0.000 9.060 10.711
4.245 0.000 9.060 10.864
4.663 0.000 9.060 11.034
5.095 0.000 9.060 11.223
5.543 0.000 9.060 11.434
6.009 0.000 9.060 11.666
6.494 0.000 9.060 11.924
7.002 0.000 9.060 12.208
7.536 0.000 9.060 12.521
8.098 0.000 9.060 12.868
8.693 0.000 9.060 13.250
9.325 0.000 9.060 13.673
10.000 0.000 9.060 14.142
10.724 0.000 9.060 14.663
11.504 0.000 9.060 15.243
12.349 0.000 9.060 15.890
13.270 0.000 9.060 16.616
14.281 0.000 9.060 17.434
15.399 0.000 9.060 18.361
16.643 0.000 9.060 19.416
-16.643 0.000 9.400 19.416
-15.399 0.000 9.400 18.361
-14.281 0.000 9.400 17.434
-13.270 0.000 9.400 16.616
-12.349 0.000 9.400 15.890
-11.504 0.000 9.400 15.243
-10.724 0.000 9.400 14.663
-10.000 0.000 9.400 14.142
-9.325 0.000 9.400 13.673
-8.693 0.000 9.400 13.250
-8.098 0.000 9.400 12.868
-2.492 6.693 9.400 4.141
-2.442 6.512 9.400 4.258
-2.226 6.572 9.400 4.087
-2.027 6.627 9.400 3.935
-1.841 6.678 9.400 3.798
-1.698 6.667 9.400 3.741
-1.577 6.619 9.400 3.731
-1.456 6.570 9.400 3.726
-1.335 6.522 9.400 3.725
-1.216 6.469 9.400 3.734
-1.096 6.415 9.400 3.749
-0.975 6.360 9.400 3.768
-1.396 3.955 9.400 6.204
-1.100 4.342 9.400 5.764
-0.897 4.336 9.400 5.735
-0.753 3.870 9.400 6.176
-0.535 3.887 9.400 6.137
-0.316 3.976 9.400 6.033
-0.108 3.816 9.400 6.185
0.109 3.767 9.400 6.234
0.328 3.736 9.400 6.273
0.544 3.785 9.400 6.239
1.228 0.000 9.400 10.075
1.584 0.000 9.400 10.125
1.944 0.000 9.400 10.187
2.309 0.000 9.400 10.263
2.679 0.000 9.400 10.353
3.057 0.000 9.400 10.457
3.443 0.000 9.400 10.576
3.839 0.000 9.400 10.711
4.245 0.000 9.400 10.864
4.663 0.000 9.400 11.034
5.095 0.000 9.400 11.223
5.543 0.000 9.400 11.434
6.009 0.000 9.400 11.666
6.494 0.000 9.400 11.924
7.002 0.000 9.400 12.208
7.536 0.000 9.400 12.521
8.098 0.000 9.400 12.868
8.693 0.000 9.400 13.250
9.325 0.000 9.400 13.673
10.000 0.000 9.400 14.142
10.724 0.000 9.400 14.663
11.504 0.000 9.400 15.243
12.349 0.000 9.400 15.890
13.270 0.000 9.400 16.616
14.281 0.000 9.400 17.434
15.399 0.000 9.400 18.361
16.643 0.000 9.400 19.416
-16.643 0.000 9.740 19.416
-15.399 0.000 9.740 18.361
-14.281 0.000 9.740 17.434
-13.270 0.000 9.740 16.616
-12.349 0.000 9.740 15.890
-11.504 0.000 9.740 15.243
-10.724 0.000 9.740 14.663
-10.000 0.000 9.740 14.142
-9.325 0.000 9.740 13.673
-8.693 0.000 9.740 13.250
-8.098 0.000 9.740 12.868
-2.611 6.536 9.740 4.338
-2.355 6.636 9.740 4.106
-2.132 6.718 9.740 3.914
-1.936 6.777 9.740 3.759
-1.791 6.770 9.740 3.693
-1.668 6.727 9.740 3.673
-1.448 6.894 9.740 3.427
-1.427 6.639 9.740 3.652
-1.307 6.595 9.740 3.648
-1.188 6.551 9.740 3.648
-1.068 6.507 9.740 3.653
-0.948 6.463 9.740 3.662
-1.406 3.908 9.740 6.252
-1.172 3.970 9.740 6.143
-0.946 4.030 9.740 6.045
-0.726 4.088 9.740 5.957
-0.512 4.144 9.740 5.878
-0.306 4.157 9.740 5.851
-0.098 4.380 9.740 5.620
0.105 4.002 9.740 5.999
0.319 3.904 9.740 6.104
0.875 0.000 9.740 10.038
1.228 0.000 9.740 10.075
1.584 0.000 9.740 10.125
1.944 0.000 9.740 10.187
2.309 0.000 9.740 10.263
2.679 0.000 9.740 10.353
3.057 0.000 9.740 10.457
3.443 0.000 9.740 10.576
3.839 0.000 9.740 10.711
4.245 0.000 9.740 10.864
4.663 0.000 9.740 11.034
5.095 0.000 9.740 11.223
5.543 0.000 9.740 11.434
6.009 0.000 9.740 11.666
6.494 0.000 9.740 11.924
7.002 0.000 9.740 12.208
7.536 0.000 9.740 12.521
8.098 0.000 9.740 12.868
8.693 0.000 9.740 13.250
9.325 0.000 9.740 13.673
10.000 0.000 9.740 14.142
10.724 0.000 9.740 14.663
11.504 0.000 9.740 15.243
12.349 0.000 9.740 15.890
13.270 0.000 9.740 16.616
14.281 0.000 9.740 17.434
15.399 0.000 9.740 18.361
16.643 0.000 9.740 19.416
