# LiDAR Point Cloud Data
# Session: 20251016_205717
# Lines: 30, FOV: 60°
# Format: X Y Z Range
# Total Points: 2850
-5.209 0.000 -8.084 11.434
-4.788 0.000 -8.237 11.223
-4.382 0.000 -8.385 11.034
-3.989 0.000 -8.528 10.864
-3.607 0.000 -8.667 10.711
-3.236 0.000 -8.802 10.576
-2.873 0.000 -8.934 10.457
-2.518 0.000 -9.064 10.353
-2.169 0.000 -9.190 10.263
-1.827 0.000 -9.315 10.187
-1.488 0.000 -9.438 10.125
-1.154 0.000 -9.560 10.075
-0.822 0.000 -9.681 10.038
-0.492 0.000 -9.801 10.014
-0.164 0.000 -9.920 10.002
0.164 0.000 -10.040 10.002
0.492 0.000 -10.159 10.014
0.822 0.000 -10.279 10.038
1.154 0.000 -10.400 10.075
1.488 0.000 -10.522 10.125
1.827 0.000 -10.645 10.187
2.169 0.000 -10.770 10.263
2.518 0.000 -10.896 10.353
2.873 0.000 -11.026 10.457
3.236 0.000 -11.158 10.576
3.607 0.000 -11.293 10.711
3.989 0.000 -11.432 10.864
4.382 0.000 -11.575 11.034
4.788 0.000 -11.723 11.223
5.209 0.000 -11.876 11.434
-5.209 0.000 -7.864 11.434
-4.788 0.000 -8.017 11.223
-4.382 0.000 -8.165 11.034
-3.989 0.000 -8.308 10.864
-3.607 0.000 -8.447 10.711
-3.236 0.000 -8.582 10.576
-2.873 0.000 -8.714 10.457
-2.518 0.000 -8.844 10.353
-2.169 0.000 -8.970 10.263
-1.827 0.000 -9.095 10.187
-1.488 0.000 -9.218 10.125
-1.154 0.000 -9.340 10.075
-0.822 0.000 -9.461 10.038
-0.492 0.000 -9.581 10.014
-0.164 0.000 -9.700 10.002
0.164 0.000 -9.820 10.002
0.492 0.000 -9.939 10.014
0.822 0.000 -10.059 10.038
1.154 0.000 -10.180 10.075
1.488 0.000 -10.302 10.125
1.827 0.000 -10.425 10.187
2.169 0.000 -10.550 10.263
2.518 0.000 -10.676 10.353
2.873 0.000 -10.806 10.457
3.236 0.000 -10.938 10.576
3.607 0.000 -11.073 10.711
3.989 0.000 -11.212 10.864
4.382 0.000 -11.355 11.034
4.788 0.000 -11.503 11.223
5.209 0.000 -11.656 11.434
-5.209 0.000 -7.644 11.434
-4.788 0.000 -7.797 11.223
-4.382 0.000 -7.945 11.034
-3.989 0.000 -8.088 10.864
-3.607 0.000 -8.227 10.711
-3.236 0.000 -8.362 10.576
-2.873 0.000 -8.494 10.457
-2.518 0.000 -8.624 10.353
-2.169 0.000 -8.750 10.263
-1.827 0.000 -8.875 10.187
-1.488 0.000 -8.998 10.125
-1.154 0.000 -9.120 10.075
-0.822 0.000 -9.241 10.038
-0.492 0.000 -9.361 10.014
-0.164 0.000 -9.480 10.002
0.164 0.000 -9.600 10.002
0.492 0.000 -9.719 10.014
0.822 0.000 -9.839 10.038
1.154 0.000 -9.960 10.075
1.488 0.000 -10.082 10.125
1.827 0.000 -10.205 10.187
2.169 0.000 -10.330 10.263
2.518 0.000 -10.456 10.353
2.873 0.000 -10.586 10.457
3.236 0.000 -10.718 10.576
3.607 0.000 -10.853 10.711
3.989 0.000 -10.992 10.864
4.382 0.000 -11.135 11.034
4.788 0.000 -11.283 11.223
5.209 0.000 -11.436 11.434
-5.209 0.000 -7.444 11.434
-4.788 0.000 -7.597 11.223
-4.382 0.000 -7.745 11.034
-3.989 0.000 -7.888 10.864
-3.607 0.000 -8.027 10.711
-3.236 0.000 -8.162 10.576
-2.873 0.000 -8.294 10.457
-2.518 0.000 -8.424 10.353
-2.169 0.000 -8.550 10.263
-1.827 0.000 -8.675 10.187
-1.488 0.000 -8.798 10.125
-1.154 0.000 -8.920 10.075
-0.822 0.000 -9.041 10.038
-0.492 0.000 -9.161 10.014
-0.164 0.000 -9.280 10.002
0.164 0.000 -9.400 10.002
0.492 0.000 -9.519 10.014
0.822 0.000 -9.639 10.038
1.154 0.000 -9.760 10.075
1.488 0.000 -9.882 10.125
1.827 0.000 -10.005 10.187
2.169 0.000 -10.130 10.263
2.518 0.000 -10.256 10.353
2.873 0.000 -10.386 10.457
3.236 0.000 -10.518 10.576
3.607 0.000 -10.653 10.711
3.989 0.000 -10.792 10.864
4.382 0.000 -10.935 11.034
4.788 0.000 -11.083 11.223
5.209 0.000 -11.236 11.434
-5.209 0.000 -7.224 11.434
-4.788 0.000 -7.377 11.223
-4.382 0.000 -7.525 11.034
-3.989 0.000 -7.668 10.864
-3.607 0.000 -7.807 10.711
-3.236 0.000 -7.942 10.576
-2.873 0.000 -8.074 10.457
-2.518 0.000 -8.204 10.353
-2.169 0.000 -8.330 10.263
-1.827 0.000 -8.455 10.187
-1.488 0.000 -8.578 10.125
-1.154 0.000 -8.700 10.075
-0.822 0.000 -8.821 10.038
-0.492 0.000 -8.941 10.014
-0.164 0.000 -9.060 10.002
0.164 0.000 -9.180 10.002
0.492 0.000 -9.299 10.014
0.822 0.000 -9.419 10.038
1.154 0.000 -9.540 10.075
1.488 0.000 -9.662 10.125
1.827 0.000 -9.785 10.187
2.169 0.000 -9.910 10.263
2.518 0.000 -10.036 10.353
2.873 0.000 -10.166 10.457
3.236 0.000 -10.298 10.576
3.607 0.000 -10.433 10.711
3.989 0.000 -10.572 10.864
4.382 0.000 -10.715 11.034
4.788 0.000 -10.863 11.223
5.209 0.000 -11.016 11.434
-5.209 0.000 -7.004 11.434
-4.788 0.000 -7.157 11.223
-4.382 0.000 -7.305 11.034
-3.989 0.000 -7.448 10.864
-3.607 0.000 -7.587 10.711
-3.236 0.000 -7.722 10.576
-2.873 0.000 -7.854 10.457
-2.518 0.000 -7.984 10.353
-2.169 0.000 -8.110 10.263
-1.827 0.000 -8.235 10.187
-1.488 0.000 -8.358 10.125
-1.154 0.000 -8.480 10.075
-0.822 0.000 -8.601 10.038
-0.492 0.000 -8.721 10.014
-0.164 0.000 -8.840 10.002
0.164 0.000 -8.960 10.002
0.492 0.000 -9.079 10.014
0.822 0.000 -9.199 10.038
1.154 0.000 -9.320 10.075
1.488 0.000 -9.442 10.125
1.827 0.000 -9.565 10.187
2.169 0.000 -9.690 10.263
2.518 0.000 -9.816 10.353
2.873 0.000 -9.946 10.457
3.236 0.000 -10.078 10.576
3.607 0.000 -10.213 10.711
3.989 0.000 -10.352 10.864
4.382 0.000 -10.495 11.034
4.788 0.000 -10.643 11.223
5.209 0.000 -10.796 11.434
-5.209 0.000 -6.784 11.434
-4.788 0.000 -6.937 11.223
-4.382 0.000 -7.085 11.034
-3.989 0.000 -7.228 10.864
-3.607 0.000 -7.367 10.711
-3.236 0.000 -7.502 10.576
-2.873 0.000 -7.634 10.457
-2.518 0.000 -7.764 10.353
-2.169 0.000 -7.890 10.263
-1.827 0.000 -8.015 10.187
-1.488 0.000 -8.138 10.125
-1.154 0.000 -8.260 10.075
-0.822 0.000 -8.381 10.038
-0.492 0.000 -8.501 10.014
-0.164 0.000 -8.620 10.002
0.164 0.000 -8.740 10.002
0.492 0.000 -8.859 10.014
0.822 0.000 -8.979 10.038
1.154 0.000 -9.100 10.075
1.488 0.000 -9.222 10.125
1.827 0.000 -9.345 10.187
2.169 0.000 -9.470 10.263
2.518 0.000 -9.596 10.353
2.873 0.000 -9.726 10.457
3.236 0.000 -9.858 10.576
3.607 0.000 -9.993 10.711
3.989 0.000 -10.132 10.864
4.382 0.000 -10.275 11.034
4.788 0.000 -10.423 11.223
5.209 0.000 -10.576 11.434
-5.209 0.000 -6.564 11.434
-4.788 0.000 -6.717 11.223
-4.382 0.000 -6.865 11.034
-3.989 0.000 -7.008 10.864
-3.607 0.000 -7.147 10.711
-3.236 0.000 -7.282 10.576
-2.873 0.000 -7.414 10.457
-2.518 0.000 -7.544 10.353
-2.169 0.000 -7.670 10.263
-1.827 0.000 -7.795 10.187
-1.488 0.000 -7.918 10.125
-1.154 0.000 -8.040 10.075
-0.822 0.000 -8.161 10.038
-0.492 0.000 -8.281 10.014
-0.164 0.000 -8.400 10.002
0.164 0.000 -8.520 10.002
0.492 0.000 -8.639 10.014
0.822 0.000 -8.759 10.038
1.154 0.000 -8.880 10.075
1.488 0.000 -9.002 10.125
1.827 0.000 -9.125 10.187
2.169 0.000 -9.250 10.263
2.518 0.000 -9.376 10.353
2.873 0.000 -9.506 10.457
3.236 0.000 -9.638 10.576
3.607 0.000 -9.773 10.711
3.989 0.000 -9.912 10.864
4.382 0.000 -10.055 11.034
4.788 0.000 -10.203 11.223
5.209 0.000 -10.356 11.434
-5.209 0.000 -6.364 11.434
-4.788 0.000 -6.517 11.223
-4.382 0.000 -6.665 11.034
-3.989 0.000 -6.808 10.864
-3.607 0.000 -6.947 10.711
-3.236 0.000 -7.082 10.576
-2.873 0.000 -7.214 10.457
-2.518 0.000 -7.344 10.353
-2.169 0.000 -7.470 10.263
-1.827 0.000 -7.595 10.187
-1.488 0.000 -7.718 10.125
-1.154 0.000 -7.840 10.075
-0.822 0.000 -7.961 10.038
-0.492 0.000 -8.081 10.014
-0.164 0.000 -8.200 10.002
0.164 0.000 -8.320 10.002
0.492 0.000 -8.439 10.014
0.822 0.000 -8.559 10.038
1.154 0.000 -8.680 10.075
1.488 0.000 -8.802 10.125
1.827 0.000 -8.925 10.187
2.169 0.000 -9.050 10.263
2.518 0.000 -9.176 10.353
2.873 0.000 -9.306 10.457
3.236 0.000 -9.438 10.576
3.607 0.000 -9.573 10.711
3.989 0.000 -9.712 10.864
4.382 0.000 -9.855 11.034
4.788 0.000 -10.003 11.223
5.209 0.000 -10.156 11.434
-5.209 0.000 -6.144 11.434
-4.788 0.000 -6.297 11.223
-4.382 0.000 -6.445 11.034
-3.989 0.000 -6.588 10.864
-3.607 0.000 -6.727 10.711
-3.236 0.000 -6.862 10.576
-2.873 0.000 -6.994 10.457
-2.518 0.000 -7.124 10.353
-2.169 0.000 -7.250 10.263
-1.827 0.000 -7.375 10.187
-1.488 0.000 -7.498 10.125
-1.154 0.000 -7.620 10.075
-0.822 0.000 -7.741 10.038
-0.492 0.000 -7.861 10.014
-0.164 0.000 -7.980 10.002
0.164 0.000 -8.100 10.002
0.492 0.000 -8.219 10.014
0.822 0.000 -8.339 10.038
1.154 0.000 -8.460 10.075
1.488 0.000 -8.582 10.125
1.827 0.000 -8.705 10.187
2.169 0.000 -8.830 10.263
2.518 0.000 -8.956 10.353
2.873 0.000 -9.086 10.457
3.236 0.000 -9.218 10.576
3.607 0.000 -9.353 10.711
3.989 0.000 -9.492 10.864
4.382 0.000 -9.635 11.034
4.788 0.000 -9.783 11.223
5.209 0.000 -9.936 11.434
-5.209 0.000 -5.924 11.434
-4.788 0.000 -6.077 11.223
-4.382 0.000 -6.225 11.034
-3.989 0.000 -6.368 10.864
-3.607 0.000 -6.507 10.711
-3.236 0.000 -6.642 10.576
-2.873 0.000 -6.774 10.457
-2.518 0.000 -6.904 10.353
-2.169 0.000 -7.030 10.263
-1.827 0.000 -7.155 10.187
-1.488 0.000 -7.278 10.125
-1.154 0.000 -7.400 10.075
-0.822 0.000 -7.521 10.038
-0.492 0.000 -7.641 10.014
-0.164 0.000 -7.760 10.002
0.164 0.000 -7.880 10.002
0.492 0.000 -7.999 10.014
0.822 0.000 -8.119 10.038
1.154 0.000 -8.240 10.075
1.488 0.000 -8.362 10.125
1.827 0.000 -8.485 10.187
2.169 0.000 -8.610 10.263
2.518 0.000 -8.736 10.353
2.873 0.000 -8.866 10.457
3.236 0.000 -8.998 10.576
3.607 0.000 -9.133 10.711
3.989 0.000 -9.272 10.864
4.382 0.000 -9.415 11.034
4.788 0.000 -9.563 11.223
5.209 0.000 -9.716 11.434
-5.209 0.000 -5.704 11.434
-4.788 0.000 -5.857 11.223
-4.382 0.000 -6.005 11.034
-3.989 0.000 -6.148 10.864
-3.607 0.000 -6.287 10.711
-3.236 0.000 -6.422 10.576
-2.873 0.000 -6.554 10.457
-2.518 0.000 -6.684 10.353
-2.169 0.000 -6.810 10.263
-1.827 0.000 -6.935 10.187
-1.488 0.000 -7.058 10.125
-1.154 0.000 -7.180 10.075
-0.822 0.000 -7.301 10.038
-0.492 0.000 -7.421 10.014
-0.164 0.000 -7.540 10.002
0.164 0.000 -7.660 10.002
0.492 0.000 -7.779 10.014
0.822 0.000 -7.899 10.038
1.154 0.000 -8.020 10.075
1.488 0.000 -8.142 10.125
1.827 0.000 -8.265 10.187
2.169 0.000 -8.390 10.263
2.518 0.000 -8.516 10.353
2.873 0.000 -8.646 10.457
3.236 0.000 -8.778 10.576
3.607 0.000 -8.913 10.711
3.989 0.000 -9.052 10.864
4.382 0.000 -9.195 11.034
4.788 0.000 -9.343 11.223
5.209 0.000 -9.496 11.434
-5.209 0.000 -5.484 11.434
-4.788 0.000 -5.637 11.223
-4.382 0.000 -5.785 11.034
-3.989 0.000 -5.928 10.864
-3.607 0.000 -6.067 10.711
-3.236 0.000 -6.202 10.576
-2.873 0.000 -6.334 10.457
-2.518 0.000 -6.464 10.353
-2.169 0.000 -6.590 10.263
-1.827 0.000 -6.715 10.187
-1.488 0.000 -6.838 10.125
-1.154 0.000 -6.960 10.075
-0.822 0.000 -7.081 10.038
-0.492 0.000 -7.201 10.014
-0.164 0.000 -7.320 10.002
0.164 0.000 -7.440 10.002
0.492 0.000 -7.559 10.014
0.822 0.000 -7.679 10.038
1.154 0.000 -7.800 10.075
1.488 0.000 -7.922 10.125
1.827 0.000 -8.045 10.187
2.169 0.000 -8.170 10.263
2.518 0.000 -8.296 10.353
2.873 0.000 -8.426 10.457
3.236 0.000 -8.558 10.576
3.607 0.000 -8.693 10.711
3.989 0.000 -8.832 10.864
4.382 0.000 -8.975 11.034
4.788 0.000 -9.123 11.223
5.209 0.000 -9.276 11.434
-5.209 0.000 -5.284 11.434
-4.788 0.000 -5.437 11.223
-4.382 0.000 -5.585 11.034
-3.989 0.000 -5.728 10.864
-3.607 0.000 -5.867 10.711
-3.236 0.000 -6.002 10.576
-2.873 0.000 -6.134 10.457
-2.518 0.000 -6.264 10.353
-2.169 0.000 -6.390 10.263
-1.827 0.000 -6.515 10.187
-1.488 0.000 -6.638 10.125
-1.154 0.000 -6.760 10.075
-0.822 0.000 -6.881 10.038
-0.492 0.000 -7.001 10.014
-0.164 0.000 -7.120 10.002
0.164 0.000 -7.240 10.002
0.492 0.000 -7.359 10.014
0.822 0.000 -7.479 10.038
1.154 0.000 -7.600 10.075
1.488 0.000 -7.722 10.125
1.827 0.000 -7.845 10.187
2.169 0.000 -7.970 10.263
2.518 0.000 -8.096 10.353
2.873 0.000 -8.226 10.457
3.236 0.000 -8.358 10.576
3.607 0.000 -8.493 10.711
3.989 0.000 -8.632 10.864
4.382 0.000 -8.775 11.034
4.788 0.000 -8.923 11.223
5.209 0.000 -9.076 11.434
-5.209 0.000 -5.064 11.434
-4.788 0.000 -5.217 11.223
-4.382 0.000 -5.365 11.034
-3.989 0.000 -5.508 10.864
-3.607 0.000 -5.647 10.711
-3.236 0.000 -5.782 10.576
-2.873 0.000 -5.914 10.457
-2.518 0.000 -6.044 10.353
-2.169 0.000 -6.170 10.263
-1.827 0.000 -6.295 10.187
-1.488 0.000 -6.418 10.125
-1.154 0.000 -6.540 10.075
-0.822 0.000 -6.661 10.038
-0.492 0.000 -6.781 10.014
-0.164 0.000 -6.900 10.002
0.164 0.000 -7.020 10.002
0.492 0.000 -7.139 10.014
0.822 0.000 -7.259 10.038
1.154 0.000 -7.380 10.075
1.488 0.000 -7.502 10.125
1.827 0.000 -7.625 10.187
2.169 0.000 -7.750 10.263
2.518 0.000 -7.876 10.353
2.873 0.000 -8.006 10.457
3.236 0.000 -8.138 10.576
3.607 0.000 -8.273 10.711
3.989 0.000 -8.412 10.864
4.382 0.000 -8.555 11.034
4.788 0.000 -8.703 11.223
5.209 0.000 -8.856 11.434
-5.209 0.000 -4.864 11.434
-4.788 0.000 -5.017 11.223
-4.382 0.000 -5.165 11.034
-3.989 0.000 -5.308 10.864
-3.607 0.000 -5.447 10.711
-3.236 0.000 -5.582 10.576
-2.873 0.000 -5.714 10.457
-2.518 0.000 -5.844 10.353
-2.169 0.000 -5.970 10.263
-1.827 0.000 -6.095 10.187
-1.488 0.000 -6.218 10.125
-1.154 0.000 -6.340 10.075
-0.822 0.000 -6.461 10.038
-0.492 0.000 -6.581 10.014
-0.164 0.000 -6.700 10.002
0.164 0.000 -6.820 10.002
0.492 0.000 -6.939 10.014
0.822 0.000 -7.059 10.038
1.154 0.000 -7.180 10.075
1.488 0.000 -7.302 10.125
1.827 0.000 -7.425 10.187
2.169 0.000 -7.550 10.263
2.518 0.000 -7.676 10.353
2.873 0.000 -7.806 10.457
3.236 0.000 -7.938 10.576
3.607 0.000 -8.073 10.711
3.989 0.000 -8.212 10.864
4.382 0.000 -8.355 11.034
4.788 0.000 -8.503 11.223
5.209 0.000 -8.656 11.434
-5.209 0.000 -4.644 11.434
-4.788 0.000 -4.797 11.223
-4.382 0.000 -4.945 11.034
-3.989 0.000 -5.088 10.864
-3.607 0.000 -5.227 10.711
-3.236 0.000 -5.362 10.576
-2.873 0.000 -5.494 10.457
-2.518 0.000 -5.624 10.353
-2.169 0.000 -5.750 10.263
-1.827 0.000 -5.875 10.187
-1.488 0.000 -5.998 10.125
-1.154 0.000 -6.120 10.075
-0.822 0.000 -6.241 10.038
-0.492 0.000 -6.361 10.014
-0.164 0.000 -6.480 10.002
0.164 0.000 -6.600 10.002
0.492 0.000 -6.719 10.014
0.822 0.000 -6.839 10.038
1.154 0.000 -6.960 10.075
1.488 0.000 -7.082 10.125
1.827 0.000 -7.205 10.187
2.169 0.000 -7.330 10.263
2.518 0.000 -7.456 10.353
2.873 0.000 -7.586 10.457
3.236 0.000 -7.718 10.576
3.607 0.000 -7.853 10.711
3.989 0.000 -7.992 10.864
4.382 0.000 -8.135 11.034
4.788 0.000 -8.283 11.223
5.209 0.000 -8.436 11.434
-5.209 0.000 -4.424 11.434
-4.788 0.000 -4.577 11.223
-4.382 0.000 -4.725 11.034
-3.989 0.000 -4.868 10.864
-3.607 0.000 -5.007 10.711
-3.236 0.000 -5.142 10.576
-2.873 0.000 -5.274 10.457
-2.518 0.000 -5.404 10.353
-2.169 0.000 -5.530 10.263
-1.827 0.000 -5.655 10.187
-1.488 0.000 -5.778 10.125
-1.154 0.000 -5.900 10.075
-0.822 0.000 -6.021 10.038
-0.492 0.000 -6.141 10.014
-0.164 0.000 -6.260 10.002
0.164 0.000 -6.380 10.002
0.492 0.000 -6.499 10.014
0.822 0.000 -6.619 10.038
1.154 0.000 -6.740 10.075
1.488 0.000 -6.862 10.125
1.827 0.000 -6.985 10.187
2.169 0.000 -7.110 10.263
2.518 0.000 -7.236 10.353
2.873 0.000 -7.366 10.457
3.236 0.000 -7.498 10.576
3.607 0.000 -7.633 10.711
3.989 0.000 -7.772 10.864
4.382 0.000 -7.915 11.034
4.788 0.000 -8.063 11.223
5.209 0.000 -8.216 11.434
-5.209 0.000 -4.204 11.434
-4.788 0.000 -4.357 11.223
-4.382 0.000 -4.505 11.034
-3.989 0.000 -4.648 10.864
-3.607 0.000 -4.787 10.711
-3.236 0.000 -4.922 10.576
-2.873 0.000 -5.054 10.457
-2.518 0.000 -5.184 10.353
-2.169 0.000 -5.310 10.263
-1.827 0.000 -5.435 10.187
-1.488 0.000 -5.558 10.125
-1.154 0.000 -5.680 10.075
-0.822 0.000 -5.801 10.038
-0.492 0.000 -5.921 10.014
-0.164 0.000 -6.040 10.002
0.164 0.000 -6.160 10.002
0.492 0.000 -6.279 10.014
0.822 0.000 -6.399 10.038
1.154 0.000 -6.520 10.075
1.488 0.000 -6.642 10.125
1.827 0.000 -6.765 10.187
2.169 0.000 -6.890 10.263
2.518 0.000 -7.016 10.353
2.873 0.000 -7.146 10.457
3.236 0.000 -7.278 10.576
3.607 0.000 -7.413 10.711
3.989 0.000 -7.552 10.864
4.382 0.000 -7.695 11.034
4.788 0.000 -7.843 11.223
5.209 0.000 -7.996 11.434
-5.209 0.000 -3.984 11.434
-4.788 0.000 -4.137 11.223
-4.382 0.000 -4.285 11.034
-3.989 0.000 -4.428 10.864
-3.607 0.000 -4.567 10.711
-3.236 0.000 -4.702 10.576
-2.873 0.000 -4.834 10.457
-2.518 0.000 -4.964 10.353
-2.169 0.000 -5.090 10.263
-1.827 0.000 -5.215 10.187
-1.488 0.000 -5.338 10.125
-1.154 0.000 -5.460 10.075
-0.822 0.000 -5.581 10.038
-0.492 0.000 -5.701 10.014
-0.164 0.000 -5.820 10.002
0.164 0.000 -5.940 10.002
0.492 0.000 -6.059 10.014
0.822 0.000 -6.179 10.038
1.154 0.000 -6.300 10.075
1.488 0.000 -6.422 10.125
1.827 0.000 -6.545 10.187
2.169 0.000 -6.670 10.263
2.518 0.000 -6.796 10.353
2.873 0.000 -6.926 10.457
3.236 0.000 -7.058 10.576
3.607 0.000 -7.193 10.711
3.989 0.000 -7.332 10.864
4.382 0.000 -7.475 11.034
4.788 0.000 -7.623 11.223
5.209 0.000 -7.776 11.434
-5.209 0.000 -3.784 11.434
-4.788 0.000 -3.937 11.223
-4.382 0.000 -4.085 11.034
-3.989 0.000 -4.228 10.864
-3.607 0.000 -4.367 10.711
-3.236 0.000 -4.502 10.576
-2.873 0.000 -4.634 10.457
-2.518 0.000 -4.764 10.353
-2.169 0.000 -4.890 10.263
-1.827 0.000 -5.015 10.187
-1.488 0.000 -5.138 10.125
-1.154 0.000 -5.260 10.075
-0.822 0.000 -5.381 10.038
-0.492 0.000 -5.501 10.014
-0.164 0.000 -5.620 10.002
0.164 0.000 -5.740 10.002
0.492 0.000 -5.859 10.014
0.822 0.000 -5.979 10.038
1.154 0.000 -6.100 10.075
1.488 0.000 -6.222 10.125
1.827 0.000 -6.345 10.187
2.169 0.000 -6.470 10.263
2.518 0.000 -6.596 10.353
2.873 0.000 -6.726 10.457
3.236 0.000 -6.858 10.576
3.607 0.000 -6.993 10.711
3.989 0.000 -7.132 10.864
4.382 0.000 -7.275 11.034
4.788 0.000 -7.423 11.223
5.209 0.000 -7.576 11.434
-5.209 0.000 -3.564 11.434
-4.788 0.000 -3.717 11.223
-4.382 0.000 -3.865 11.034
-3.989 0.000 -4.008 10.864
-3.607 0.000 -4.147 10.711
-3.236 0.000 -4.282 10.576
-2.873 0.000 -4.414 10.457
-2.518 0.000 -4.544 10.353
-2.169 0.000 -4.670 10.263
-1.827 0.000 -4.795 10.187
-1.488 0.000 -4.918 10.125
-1.154 0.000 -5.040 10.075
-0.822 0.000 -5.161 10.038
-0.492 0.000 -5.281 10.014
-0.164 0.000 -5.400 10.002
0.164 0.000 -5.520 10.002
0.492 0.000 -5.639 10.014
0.822 0.000 -5.759 10.038
1.154 0.000 -5.880 10.075
1.488 0.000 -6.002 10.125
1.827 0.000 -6.125 10.187
2.169 0.000 -6.250 10.263
2.518 0.000 -6.376 10.353
2.873 0.000 -6.506 10.457
3.236 0.000 -6.638 10.576
3.607 0.000 -6.773 10.711
3.989 0.000 -6.912 10.864
4.382 0.000 -7.055 11.034
4.788 0.000 -7.203 11.223
5.209 0.000 -7.356 11.434
-5.209 0.000 -3.344 11.434
-4.788 0.000 -3.497 11.223
-4.382 0.000 -3.645 11.034
-3.989 0.000 -3.788 10.864
-3.607 0.000 -3.927 10.711
-3.236 0.000 -4.062 10.576
-2.873 0.000 -4.194 10.457
-2.518 0.000 -4.324 10.353
-2.169 0.000 -4.450 10.263
-1.827 0.000 -4.575 10.187
-1.488 0.000 -4.698 10.125
-1.154 0.000 -4.820 10.075
-0.822 0.000 -4.941 10.038
-0.492 0.000 -5.061 10.014
-0.164 0.000 -5.180 10.002
0.164 0.000 -5.300 10.002
0.492 0.000 -5.419 10.014
0.822 0.000 -5.539 10.038
1.154 0.000 -5.660 10.075
1.488 0.000 -5.782 10.125
1.827 0.000 -5.905 10.187
2.169 0.000 -6.030 10.263
2.518 0.000 -6.156 10.353
2.873 0.000 -6.286 10.457
3.236 0.000 -6.418 10.576
3.607 0.000 -6.553 10.711
3.989 0.000 -6.692 10.864
4.382 0.000 -6.835 11.034
4.788 0.000 -6.983 11.223
5.209 0.000 -7.136 11.434
-5.209 0.000 -3.124 11.434
-4.788 0.000 -3.277 11.223
-4.382 0.000 -3.425 11.034
-3.989 0.000 -3.568 10.864
-3.607 0.000 -3.707 10.711
-3.236 0.000 -3.842 10.576
-2.873 0.000 -3.974 10.457
-2.518 0.000 -4.104 10.353
-2.169 0.000 -4.230 10.263
-1.827 0.000 -4.355 10.187
-1.488 0.000 -4.478 10.125
-1.154 0.000 -4.600 10.075
-0.822 0.000 -4.721 10.038
-0.492 0.000 -4.841 10.014
-0.164 0.000 -4.960 10.002
0.164 0.000 -5.080 10.002
0.492 0.000 -5.199 10.014
0.822 0.000 -5.319 10.038
1.154 0.000 -5.440 10.075
1.488 0.000 -5.562 10.125
1.827 0.000 -5.685 10.187
2.169 0.000 -5.810 10.263
2.518 0.000 -5.936 10.353
2.873 0.000 -6.066 10.457
3.236 0.000 -6.198 10.576
3.607 0.000 -6.333 10.711
3.989 0.000 -6.472 10.864
4.382 0.000 -6.615 11.034
4.788 0.000 -6.763 11.223
5.209 0.000 -6.916 11.434
-5.209 0.000 -2.904 11.434
-4.788 0.000 -3.057 11.223
-4.382 0.000 -3.205 11.034
-3.989 0.000 -3.348 10.864
-3.607 0.000 -3.487 10.711
-3.236 0.000 -3.622 10.576
-2.873 0.000 -3.754 10.457
-2.518 0.000 -3.884 10.353
-2.169 0.000 -4.010 10.263
-1.827 0.000 -4.135 10.187
-1.488 0.000 -4.258 10.125
-1.154 0.000 -4.380 10.075
-0.822 0.000 -4.501 10.038
-0.492 0.000 -4.621 10.014
-0.164 0.000 -4.740 10.002
0.164 0.000 -4.860 10.002
0.492 0.000 -4.979 10.014
0.822 0.000 -5.099 10.038
1.154 0.000 -5.220 10.075
1.488 0.000 -5.342 10.125
1.827 0.000 -5.465 10.187
2.169 0.000 -5.590 10.263
2.518 0.000 -5.716 10.353
2.873 0.000 -5.846 10.457
3.236 0.000 -5.978 10.576
3.607 0.000 -6.113 10.711
3.989 0.000 -6.252 10.864
4.382 0.000 -6.395 11.034
4.788 0.000 -6.543 11.223
5.209 0.000 -6.696 11.434
-5.209 0.000 -2.704 11.434
-4.788 0.000 -2.857 11.223
-4.382 0.000 -3.005 11.034
-3.989 0.000 -3.148 10.864
-3.607 0.000 -3.287 10.711
-3.236 0.000 -3.422 10.576
-2.873 0.000 -3.554 10.457
-2.518 0.000 -3.684 10.353
-2.169 0.000 -3.810 10.263
-1.827 0.000 -3.935 10.187
-1.488 0.000 -4.058 10.125
-1.154 0.000 -4.180 10.075
-0.822 0.000 -4.301 10.038
-0.492 0.000 -4.421 10.014
-0.164 0.000 -4.540 10.002
0.164 0.000 -4.660 10.002
0.492 0.000 -4.779 10.014
0.822 0.000 -4.899 10.038
1.154 0.000 -5.020 10.075
1.488 0.000 -5.142 10.125
1.827 0.000 -5.265 10.187
2.169 0.000 -5.390 10.263
2.518 0.000 -5.516 10.353
2.873 0.000 -5.646 10.457
3.236 0.000 -5.778 10.576
3.607 0.000 -5.913 10.711
3.989 0.000 -6.052 10.864
4.382 0.000 -6.195 11.034
4.788 0.000 -6.343 11.223
5.209 0.000 -6.496 11.434
-5.209 0.000 -2.484 11.434
-4.788 0.000 -2.637 11.223
-4.382 0.000 -2.785 11.034
-3.989 0.000 -2.928 10.864
-3.607 0.000 -3.067 10.711
-3.236 0.000 -3.202 10.576
-2.873 0.000 -3.334 10.457
-2.518 0.000 -3.464 10.353
-2.169 0.000 -3.590 10.263
-1.827 0.000 -3.715 10.187
-1.488 0.000 -3.838 10.125
-1.154 0.000 -3.960 10.075
-0.822 0.000 -4.081 10.038
-0.492 0.000 -4.201 10.014
-0.164 0.000 -4.320 10.002
0.164 0.000 -4.440 10.002
0.492 0.000 -4.559 10.014
0.822 0.000 -4.679 10.038
1.154 0.000 -4.800 10.075
1.488 0.000 -4.922 10.125
1.827 0.000 -5.045 10.187
2.169 0.000 -5.170 10.263
2.518 0.000 -5.296 10.353
2.873 0.000 -5.426 10.457
3.236 0.000 -5.558 10.576
3.607 0.000 -5.693 10.711
3.989 0.000 -5.832 10.864
4.382 0.000 -5.975 11.034
4.788 0.000 -6.123 11.223
5.209 0.000 -6.276 11.434
-5.209 0.000 -2.284 11.434
-4.788 0.000 -2.437 11.223
-4.382 0.000 -2.585 11.034
-3.989 0.000 -2.728 10.864
-3.607 0.000 -2.867 10.711
-3.236 0.000 -3.002 10.576
-2.873 0.000 -3.134 10.457
-2.518 0.000 -3.264 10.353
-2.169 0.000 -3.390 10.263
-1.827 0.000 -3.515 10.187
-1.488 0.000 -3.638 10.125
-1.154 0.000 -3.760 10.075
-0.822 0.000 -3.881 10.038
-0.492 0.000 -4.001 10.014
-0.164 0.000 -4.120 10.002
0.164 0.000 -4.240 10.002
0.492 0.000 -4.359 10.014
0.822 0.000 -4.479 10.038
1.154 0.000 -4.600 10.075
1.488 0.000 -4.722 10.125
1.827 0.000 -4.845 10.187
2.169 0.000 -4.970 10.263
2.518 0.000 -5.096 10.353
2.873 0.000 -5.226 10.457
3.236 0.000 -5.358 10.576
3.607 0.000 -5.493 10.711
3.989 0.000 -5.632 10.864
4.382 0.000 -5.775 11.034
4.788 0.000 -5.923 11.223
5.209 0.000 -6.076 11.434
-5.209 0.000 -2.064 11.434
-4.788 0.000 -2.217 11.223
-4.382 0.000 -2.365 11.034
-3.989 0.000 -2.508 10.864
-3.607 0.000 -2.647 10.711
-3.236 0.000 -2.782 10.576
-2.873 0.000 -2.914 10.457
-2.518 0.000 -3.044 10.353
-2.169 0.000 -3.170 10.263
-1.827 0.000 -3.295 10.187
-1.488 0.000 -3.418 10.125
-1.154 0.000 -3.540 10.075
-0.822 0.000 -3.661 10.038
-0.492 0.000 -3.781 10.014
-0.164 0.000 -3.900 10.002
0.164 0.000 -4.020 10.002
0.492 0.000 -4.139 10.014
0.822 0.000 -4.259 10.038
1.154 0.000 -4.380 10.075
1.488 0.000 -4.502 10.125
1.827 0.000 -4.625 10.187
2.169 0.000 -4.750 10.263
2.518 0.000 -4.876 10.353
2.873 0.000 -5.006 10.457
3.236 0.000 -5.138 10.576
3.607 0.000 -5.273 10.711
3.989 0.000 -5.412 10.864
4.382 0.000 -5.555 11.034
4.788 0.000 -5.703 11.223
5.209 0.000 -5.856 11.434
-5.209 0.000 -1.844 11.434
-4.788 0.000 -1.997 11.223
-4.382 0.000 -2.145 11.034
-3.989 0.000 -2.288 10.864
-3.607 0.000 -2.427 10.711
-3.236 0.000 -2.562 10.576
-2.873 0.000 -2.694 10.457
-2.518 0.000 -2.824 10.353
-2.169 0.000 -2.950 10.263
-1.827 0.000 -3.075 10.187
-1.488 0.000 -3.198 10.125
-1.154 0.000 -3.320 10.075
-0.822 0.000 -3.441 10.038
-0.492 0.000 -3.561 10.014
-0.164 0.000 -3.680 10.002
0.164 0.000 -3.800 10.002
0.492 0.000 -3.919 10.014
0.822 0.000 -4.039 10.038
1.154 0.000 -4.160 10.075
1.488 0.000 -4.282 10.125
1.827 0.000 -4.405 10.187
2.169 0.000 -4.530 10.263
2.518 0.000 -4.656 10.353
2.873 0.000 -4.786 10.457
3.236 0.000 -4.918 10.576
3.607 0.000 -5.053 10.711
3.989 0.000 -5.192 10.864
4.382 0.000 -5.335 11.034
4.788 0.000 -5.483 11.223
5.209 0.000 -5.636 11.434
-5.209 0.000 -1.624 11.434
-4.788 0.000 -1.777 11.223
-4.382 0.000 -1.925 11.034
-3.989 0.000 -2.068 10.864
-3.607 0.000 -2.207 10.711
-3.236 0.000 -2.342 10.576
-2.873 0.000 -2.474 10.457
-2.518 0.000 -2.604 10.353
-2.169 0.000 -2.730 10.263
-1.827 0.000 -2.855 10.187
-1.488 0.000 -2.978 10.125
-1.154 0.000 -3.100 10.075
-0.822 0.000 -3.221 10.038
-0.492 0.000 -3.341 10.014
-0.164 0.000 -3.460 10.002
0.164 0.000 -3.580 10.002
0.492 0.000 -3.699 10.014
0.822 0.000 -3.819 10.038
1.154 0.000 -3.940 10.075
1.488 0.000 -4.062 10.125
1.827 0.000 -4.185 10.187
2.169 0.000 -4.310 10.263
2.518 0.000 -4.436 10.353
2.873 0.000 -4.566 10.457
3.236 0.000 -4.698 10.576
3.607 0.000 -4.833 10.711
3.989 0.000 -4.972 10.864
4.382 0.000 -5.115 11.034
4.788 0.000 -5.263 11.223
5.209 0.000 -5.416 11.434
-5.209 0.000 -1.404 11.434
-4.788 0.000 -1.557 11.223
-4.382 0.000 -1.705 11.034
-3.989 0.000 -1.848 10.864
-3.607 0.000 -1.987 10.711
-3.236 0.000 -2.122 10.576
-2.873 0.000 -2.254 10.457
-2.518 0.000 -2.384 10.353
-2.169 0.000 -2.510 10.263
-1.827 0.000 -2.635 10.187
-1.488 0.000 -2.758 10.125
-1.154 0.000 -2.880 10.075
-0.822 0.000 -3.001 10.038
-0.492 0.000 -3.121 10.014
-0.164 0.000 -3.240 10.002
0.164 0.000 -3.360 10.002
0.492 0.000 -3.479 10.014
0.822 0.000 -3.599 10.038
1.154 0.000 -3.720 10.075
1.488 0.000 -3.842 10.125
1.827 0.000 -3.965 10.187
2.169 0.000 -4.090 10.263
2.518 0.000 -4.216 10.353
2.873 0.000 -4.346 10.457
3.236 0.000 -4.478 10.576
3.607 0.000 -4.613 10.711
3.989 0.000 -4.752 10.864
4.382 0.000 -4.895 11.034
4.788 0.000 -5.043 11.223
5.209 0.000 -5.196 11.434
-5.209 0.000 -1.204 11.434
-4.788 0.000 -1.357 11.223
-4.382 0.000 -1.505 11.034
-3.989 0.000 -1.648 10.864
-3.607 0.000 -1.787 10.711
-3.236 0.000 -1.922 10.576
-2.873 0.000 -2.054 10.457
-2.518 0.000 -2.184 10.353
-2.169 0.000 -2.310 10.263
-1.827 0.000 -2.435 10.187
-1.488 0.000 -2.558 10.125
-1.154 0.000 -2.680 10.075
-0.822 0.000 -2.801 10.038
-0.492 0.000 -2.921 10.014
-0.164 0.000 -3.040 10.002
0.164 0.000 -3.160 10.002
0.492 0.000 -3.279 10.014
0.822 0.000 -3.399 10.038
1.154 0.000 -3.520 10.075
1.488 0.000 -3.642 10.125
1.827 0.000 -3.765 10.187
2.169 0.000 -3.890 10.263
2.518 0.000 -4.016 10.353
2.873 0.000 -4.146 10.457
3.236 0.000 -4.278 10.576
3.607 0.000 -4.413 10.711
3.989 0.000 -4.552 10.864
4.382 0.000 -4.695 11.034
4.788 0.000 -4.843 11.223
5.209 0.000 -4.996 11.434
-5.209 0.000 -0.984 11.434
-4.788 0.000 -1.137 11.223
-4.382 0.000 -1.285 11.034
-3.989 0.000 -1.428 10.864
-3.607 0.000 -1.567 10.711
-3.236 0.000 -1.702 10.576
-2.873 0.000 -1.834 10.457
-2.518 0.000 -1.964 10.353
-2.169 0.000 -2.090 10.263
-1.827 0.000 -2.215 10.187
-1.488 0.000 -2.338 10.125
-1.154 0.000 -2.460 10.075
-0.822 0.000 -2.581 10.038
-0.492 0.000 -2.701 10.014
-0.164 0.000 -2.820 10.002
0.164 0.000 -2.940 10.002
0.492 0.000 -3.059 10.014
0.822 0.000 -3.179 10.038
1.154 0.000 -3.300 10.075
1.488 0.000 -3.422 10.125
1.827 0.000 -3.545 10.187
2.169 0.000 -3.670 10.263
2.518 0.000 -3.796 10.353
2.873 0.000 -3.926 10.457
3.236 0.000 -4.058 10.576
3.607 0.000 -4.193 10.711
3.989 0.000 -4.332 10.864
4.382 0.000 -4.475 11.034
4.788 0.000 -4.623 11.223
5.209 0.000 -4.776 11.434
-5.209 0.000 -0.784 11.434
-4.788 0.000 -0.937 11.223
-4.382 0.000 -1.085 11.034
-3.989 0.000 -1.228 10.864
-3.607 0.000 -1.367 10.711
-3.236 0.000 -1.502 10.576
-2.873 0.000 -1.634 10.457
-2.518 0.000 -1.764 10.353
-2.169 0.000 -1.890 10.263
-1.827 0.000 -2.015 10.187
-1.488 0.000 -2.138 10.125
-1.154 0.000 -2.260 10.075
-0.822 0.000 -2.381 10.038
-0.492 0.000 -2.501 10.014
-0.164 0.000 -2.620 10.002
0.164 0.000 -2.740 10.002
0.492 0.000 -2.859 10.014
0.822 0.000 -2.979 10.038
1.154 0.000 -3.100 10.075
1.488 0.000 -3.222 10.125
1.827 0.000 -3.345 10.187
2.169 0.000 -3.470 10.263
2.518 0.000 -3.596 10.353
2.873 0.000 -3.726 10.457
3.236 0.000 -3.858 10.576
3.607 0.000 -3.993 10.711
3.989 0.000 -4.132 10.864
4.382 0.000 -4.275 11.034
4.788 0.000 -4.423 11.223
5.209 0.000 -4.576 11.434
-5.209 0.000 -0.564 11.434
-4.788 0.000 -0.717 11.223
-4.382 0.000 -0.865 11.034
-3.989 0.000 -1.008 10.864
-3.607 0.000 -1.147 10.711
-3.236 0.000 -1.282 10.576
-2.873 0.000 -1.414 10.457
-2.518 0.000 -1.544 10.353
-2.169 0.000 -1.670 10.263
-1.827 0.000 -1.795 10.187
-1.488 0.000 -1.918 10.125
-1.154 0.000 -2.040 10.075
-0.822 0.000 -2.161 10.038
-0.492 0.000 -2.281 10.014
-0.164 0.000 -2.400 10.002
0.164 0.000 -2.520 10.002
0.492 0.000 -2.639 10.014
0.822 0.000 -2.759 10.038
1.154 0.000 -2.880 10.075
1.488 0.000 -3.002 10.125
1.827 0.000 -3.125 10.187
2.169 0.000 -3.250 10.263
2.518 0.000 -3.376 10.353
2.873 0.000 -3.506 10.457
3.236 0.000 -3.638 10.576
3.607 0.000 -3.773 10.711
3.989 0.000 -3.912 10.864
4.382 0.000 -4.055 11.034
4.788 0.000 -4.203 11.223
5.209 0.000 -4.356 11.434
-5.209 0.000 -0.344 11.434
-4.788 0.000 -0.497 11.223
-4.382 0.000 -0.645 11.034
-3.989 0.000 -0.788 10.864
-3.607 0.000 -0.927 10.711
-3.236 0.000 -1.062 10.576
-2.873 0.000 -1.194 10.457
-2.518 0.000 -1.324 10.353
-2.169 0.000 -1.450 10.263
-1.827 0.000 -1.575 10.187
-1.488 0.000 -1.698 10.125
-1.154 0.000 -1.820 10.075
-0.822 0.000 -1.941 10.038
-0.492 0.000 -2.061 10.014
-0.164 0.000 -2.180 10.002
0.164 0.000 -2.300 10.002
0.492 0.000 -2.419 10.014
0.822 0.000 -2.539 10.038
1.154 0.000 -2.660 10.075
1.488 0.000 -2.782 10.125
1.827 0.000 -2.905 10.187
2.169 0.000 -3.030 10.263
2.518 0.000 -3.156 10.353
2.873 0.000 -3.286 10.457
3.236 0.000 -3.418 10.576
3.607 0.000 -3.553 10.711
3.989 0.000 -3.692 10.864
4.382 0.000 -3.835 11.034
4.788 0.000 -3.983 11.223
5.209 0.000 -4.136 11.434
-5.209 0.000 -0.144 11.434
-4.788 0.000 -0.297 11.223
-4.382 0.000 -0.445 11.034
-3.989 0.000 -0.588 10.864
-3.607 0.000 -0.727 10.711
-3.236 0.000 -0.862 10.576
-2.873 0.000 -0.994 10.457
-2.518 0.000 -1.124 10.353
-2.169 0.000 -1.250 10.263
-1.827 0.000 -1.375 10.187
-1.488 0.000 -1.498 10.125
-1.154 0.000 -1.620 10.075
-0.822 0.000 -1.741 10.038
-0.492 0.000 -1.861 10.014
-0.164 0.000 -1.980 10.002
0.164 0.000 -2.100 10.002
0.492 0.000 -2.219 10.014
0.822 0.000 -2.339 10.038
1.154 0.000 -2.460 10.075
1.488 0.000 -2.582 10.125
1.827 0.000 -2.705 10.187
2.169 0.000 -2.830 10.263
2.518 0.000 -2.956 10.353
2.873 0.000 -3.086 10.457
3.236 0.000 -3.218 10.576
3.607 0.000 -3.353 10.711
3.989 0.000 -3.492 10.864
4.382 0.000 -3.635 11.034
4.788 0.000 -3.783 11.223
5.209 0.000 -3.936 11.434
-5.209 0.000 0.076 11.434
-4.788 0.000 -0.077 11.223
-4.382 0.000 -0.225 11.034
-3.989 0.000 -0.368 10.864
-3.607 0.000 -0.507 10.711
-3.236 0.000 -0.642 10.576
-2.873 0.000 -0.774 10.457
-2.518 0.000 -0.904 10.353
-2.169 0.000 -1.030 10.263
-1.827 0.000 -1.155 10.187
-1.488 0.000 -1.278 10.125
-1.154 0.000 -1.400 10.075
-0.822 0.000 -1.521 10.038
-0.492 0.000 -1.641 10.014
-0.164 0.000 -1.760 10.002
0.164 0.000 -1.880 10.002
0.492 0.000 -1.999 10.014
0.822 0.000 -2.119 10.038
1.154 0.000 -2.240 10.075
1.488 0.000 -2.362 10.125
1.827 0.000 -2.485 10.187
2.169 0.000 -2.610 10.263
2.518 0.000 -2.736 10.353
2.873 0.000 -2.866 10.457
3.236 0.000 -2.998 10.576
3.607 0.000 -3.133 10.711
3.989 0.000 -3.272 10.864
4.382 0.000 -3.415 11.034
4.788 0.000 -3.563 11.223
5.209 0.000 -3.716 11.434
-5.209 0.000 0.276 11.434
-4.788 0.000 0.123 11.223
-4.382 0.000 -0.025 11.034
-3.989 0.000 -0.168 10.864
-3.607 0.000 -0.307 10.711
-3.236 0.000 -0.442 10.576
-2.873 0.000 -0.574 10.457
-2.518 0.000 -0.704 10.353
-2.169 0.000 -0.830 10.263
-1.827 0.000 -0.955 10.187
-1.488 0.000 -1.078 10.125
-1.154 0.000 -1.200 10.075
-0.822 0.000 -1.321 10.038
-0.492 0.000 -1.441 10.014
-0.164 0.000 -1.560 10.002
0.164 0.000 -1.680 10.002
0.492 0.000 -1.799 10.014
0.822 0.000 -1.919 10.038
1.154 0.000 -2.040 10.075
1.488 0.000 -2.162 10.125
1.827 0.000 -2.285 10.187
2.169 0.000 -2.410 10.263
2.518 0.000 -2.536 10.353
2.873 0.000 -2.666 10.457
3.236 0.000 -2.798 10.576
3.607 0.000 -2.933 10.711
3.989 0.000 -3.072 10.864
4.382 0.000 -3.215 11.034
4.788 0.000 -3.363 11.223
5.209 0.000 -3.516 11.434
-5.209 0.000 0.496 11.434
-4.788 0.000 0.343 11.223
-4.382 0.000 0.195 11.034
-3.989 0.000 0.052 10.864
-3.607 0.000 -0.087 10.711
-3.236 0.000 -0.222 10.576
-2.873 0.000 -0.354 10.457
-2.518 0.000 -0.484 10.353
-2.169 0.000 -0.610 10.263
-1.827 0.000 -0.735 10.187
-1.488 0.000 -0.858 10.125
-1.154 0.000 -0.980 10.075
-0.822 0.000 -1.101 10.038
-0.492 0.000 -1.221 10.014
-0.164 0.000 -1.340 10.002
0.164 0.000 -1.460 10.002
0.492 0.000 -1.579 10.014
0.822 0.000 -1.699 10.038
1.154 0.000 -1.820 10.075
1.488 0.000 -1.942 10.125
1.827 0.000 -2.065 10.187
2.169 0.000 -2.190 10.263
2.518 0.000 -2.316 10.353
2.873 0.000 -2.446 10.457
3.236 0.000 -2.578 10.576
3.607 0.000 -2.713 10.711
3.989 0.000 -2.852 10.864
4.382 0.000 -2.995 11.034
4.788 0.000 -3.143 11.223
5.209 0.000 -3.296 11.434
-5.209 0.000 0.716 11.434
-4.788 0.000 0.563 11.223
-4.382 0.000 0.415 11.034
-3.989 0.000 0.272 10.864
-3.607 0.000 0.133 10.711
-3.236 0.000 -0.002 10.576
-2.873 0.000 -0.134 10.457
-2.518 0.000 -0.264 10.353
-2.169 0.000 -0.390 10.263
-1.827 0.000 -0.515 10.187
-1.488 0.000 -0.638 10.125
-1.154 0.000 -0.760 10.075
-0.822 0.000 -0.881 10.038
-0.492 0.000 -1.001 10.014
-0.164 0.000 -1.120 10.002
0.164 0.000 -1.240 10.002
0.492 0.000 -1.359 10.014
0.822 0.000 -1.479 10.038
1.154 0.000 -1.600 10.075
1.421 0.452 -1.697 9.667
1.827 0.000 -1.845 10.187
2.169 0.000 -1.970 10.263
2.518 0.000 -2.096 10.353
2.873 0.000 -2.226 10.457
3.236 0.000 -2.358 10.576
3.607 0.000 -2.493 10.711
3.989 0.000 -2.632 10.864
4.382 0.000 -2.775 11.034
4.788 0.000 -2.923 11.223
5.209 0.000 -3.076 11.434
-5.209 0.000 0.916 11.434
-4.788 0.000 0.763 11.223
-4.382 0.000 0.615 11.034
-3.989 0.000 0.472 10.864
-3.607 0.000 0.333 10.711
-3.236 0.000 0.198 10.576
-2.873 0.000 0.066 10.457
-2.518 0.000 -0.064 10.353
-2.169 0.000 -0.190 10.263
-1.827 0.000 -0.315 10.187
-1.488 0.000 -0.438 10.125
-1.154 0.000 -0.560 10.075
-0.822 0.000 -0.681 10.038
-0.492 0.000 -0.801 10.014
-0.164 0.000 -0.920 10.002
0.164 0.000 -1.040 10.002
0.492 0.000 -1.159 10.014
0.822 0.000 -1.279 10.038
1.154 0.000 -1.400 10.075
1.286 1.358 -1.448 8.750
1.744 0.452 -1.615 9.727
2.071 0.452 -1.734 9.799
2.274 0.968 -1.808 9.351
2.873 0.000 -2.026 10.457
3.236 0.000 -2.158 10.576
3.607 0.000 -2.293 10.711
3.989 0.000 -2.432 10.864
4.382 0.000 -2.575 11.034
4.788 0.000 -2.723 11.223
5.209 0.000 -2.876 11.434
-5.209 0.000 1.136 11.434
-4.788 0.000 0.983 11.223
-4.382 0.000 0.835 11.034
-3.989 0.000 0.692 10.864
-3.607 0.000 0.553 10.711
-3.236 0.000 0.418 10.576
-2.873 0.000 0.286 10.457
-2.518 0.000 0.156 10.353
-2.006 0.754 -0.030 9.489
-1.689 0.754 -0.145 9.419
-1.488 0.000 -0.218 10.125
-1.154 0.000 -0.340 10.075
-0.822 0.000 -0.461 10.038
-0.492 0.000 -0.581 10.014
-0.164 0.000 -0.700 10.002
0.164 0.000 -0.820 10.002
0.492 0.000 -0.939 10.014
0.822 0.000 -1.059 10.038
1.154 0.000 -1.180 10.075
1.335 1.029 -1.246 9.083
1.678 0.814 -1.371 9.357
2.033 0.630 -1.500 9.616
2.518 0.000 -1.676 10.353
2.873 0.000 -1.806 10.457
3.236 0.000 -1.938 10.576
3.607 0.000 -2.073 10.711
3.989 0.000 -2.212 10.864
4.382 0.000 -2.355 11.034
4.788 0.000 -2.503 11.223
5.209 0.000 -2.656 11.434
-5.209 0.000 1.336 11.434
-4.788 0.000 1.183 11.223
-4.382 0.000 1.035 11.034
-3.989 0.000 0.892 10.864
-3.607 0.000 0.753 10.711
-3.236 0.000 0.618 10.576
-2.873 0.000 0.486 10.457
-2.518 0.000 0.356 10.353
-1.741 1.974 0.074 8.237
-1.612 1.175 0.027 8.991
-1.488 0.000 -0.018 10.125
-1.154 0.000 -0.140 10.075
-0.822 0.000 -0.261 10.038
-0.492 0.000 -0.381 10.014
-0.164 0.000 -0.500 10.002
0.147 1.016 -0.614 8.985
0.426 1.340 -0.715 8.672
0.822 0.000 -0.859 10.038
1.154 0.000 -0.980 10.075
1.308 1.213 -1.036 8.897
1.644 1.001 -1.158 9.167
1.993 0.814 -1.285 9.427
2.291 0.899 -1.394 9.422
2.873 0.000 -1.606 10.457
3.236 0.000 -1.738 10.576
3.607 0.000 -1.873 10.711
3.989 0.000 -2.012 10.864
4.382 0.000 -2.155 11.034
4.788 0.000 -2.303 11.223
5.209 0.000 -2.456 11.434
-5.209 0.000 1.556 11.434
-4.788 0.000 1.403 11.223
-4.382 0.000 1.255 11.034
-3.989 0.000 1.112 10.864
-3.607 0.000 0.973 10.711
-3.236 0.000 0.838 10.576
-2.873 0.000 0.706 10.457
-2.518 0.000 0.576 10.353
-2.006 0.754 0.390 9.489
-1.476 1.918 0.197 8.233
-1.203 1.918 0.098 8.183
-1.154 0.000 0.080 10.075
-0.726 1.175 -0.076 8.859
-0.492 0.000 -0.161 10.014
-0.164 0.000 -0.280 10.002
0.164 0.000 -0.400 10.002
0.492 0.000 -0.519 10.014
0.739 1.014 -0.609 9.020
1.037 1.016 -0.717 9.051
1.278 1.415 -0.805 8.692
1.608 1.197 -0.925 8.968
1.952 1.001 -1.051 9.235
2.239 1.109 -1.155 9.205
2.873 0.000 -1.386 10.457
3.236 0.000 -1.518 10.576
3.607 0.000 -1.653 10.711
3.989 0.000 -1.792 10.864
4.382 0.000 -1.935 11.034
4.788 0.000 -2.083 11.223
5.209 0.000 -2.236 11.434
-5.209 0.000 1.756 11.434
-4.788 0.000 1.603 11.223
-4.382 0.000 1.455 11.034
-3.989 0.000 1.312 10.864
-3.607 0.000 1.173 10.711
-3.236 0.000 1.038 10.576
-2.873 0.000 0.906 10.457
-2.518 0.000 0.776 10.353
-2.169 0.000 0.650 10.263
-1.827 0.000 0.525 10.187
-1.203 1.917 0.298 8.184
-0.932 1.918 0.199 8.142
-0.664 1.918 0.102 8.113
-0.492 0.000 0.039 10.014
-0.145 1.175 -0.087 8.827
0.164 0.000 -0.200 10.002
0.492 0.000 -0.319 10.014
0.695 1.550 -0.393 8.482
0.975 1.550 -0.495 8.513
1.304 1.240 -0.615 8.869
1.566 1.425 -0.710 8.735
1.910 1.197 -0.835 9.035
2.217 1.197 -0.947 9.114
2.873 0.000 -1.186 10.457
3.236 0.000 -1.318 10.576
3.607 0.000 -1.453 10.711
3.989 0.000 -1.592 10.864
4.382 0.000 -1.735 11.034
4.788 0.000 -1.883 11.223
5.209 0.000 -2.036 11.434
-5.209 0.000 1.976 11.434
-4.788 0.000 1.823 11.223
-4.382 0.000 1.675 11.034
-3.989 0.000 1.532 10.864
-3.607 0.000 1.393 10.711
-3.236 0.000 1.258 10.576
-2.873 0.000 1.126 10.457
-2.518 0.000 0.996 10.353
-2.169 0.000 0.870 10.263
-1.827 0.000 0.745 10.187
-1.488 0.000 0.622 10.125
-1.154 0.000 0.500 10.075
-0.664 1.918 0.322 8.113
-0.398 1.918 0.225 8.093
-0.133 1.918 0.128 8.083
0.133 1.917 0.032 8.084
0.492 0.000 -0.099 10.014
0.653 2.055 -0.158 7.975
1.154 0.000 -0.340 10.075
1.258 1.550 -0.378 8.555
1.533 1.610 -0.478 8.548
1.860 1.425 -0.597 8.800
2.159 1.425 -0.706 8.877
2.293 2.018 -0.755 8.347
3.236 0.000 -1.098 10.576
3.607 0.000 -1.233 10.711
3.989 0.000 -1.372 10.864
4.382 0.000 -1.515 11.034
4.788 0.000 -1.663 11.223
5.209 0.000 -1.816 11.434
-5.209 0.000 2.176 11.434
-4.788 0.000 2.023 11.223
-4.382 0.000 1.875 11.034
-3.989 0.000 1.732 10.864
-3.607 0.000 1.593 10.711
-3.236 0.000 1.458 10.576
-2.873 0.000 1.326 10.457
-2.518 0.000 1.196 10.353
-2.169 0.000 1.070 10.263
-1.827 0.000 0.945 10.187
-1.488 0.000 0.822 10.125
-1.154 0.000 0.700 10.075
-0.822 0.000 0.579 10.038
-0.398 1.918 0.425 8.093
-0.133 1.918 0.328 8.083
0.133 1.918 0.232 8.083
0.398 1.918 0.135 8.093
0.653 2.055 0.042 7.975
0.917 2.055 -0.054 8.005
1.182 2.055 -0.150 8.044
1.605 1.214 -0.304 8.951
1.820 1.610 -0.382 8.611
2.113 1.610 -0.489 8.686
2.581 1.016 -0.659 9.394
2.802 1.339 -0.740 9.160
3.607 0.000 -1.033 10.711
3.989 0.000 -1.172 10.864
4.382 0.000 -1.315 11.034
4.788 0.000 -1.463 11.223
5.209 0.000 -1.616 11.434
-5.209 0.000 2.396 11.434
-4.788 0.000 2.243 11.223
-4.382 0.000 2.095 11.034
-3.989 0.000 1.952 10.864
-3.607 0.000 1.813 10.711
-3.236 0.000 1.678 10.576
-2.873 0.000 1.546 10.457
-2.518 0.000 1.416 10.353
-2.169 0.000 1.290 10.263
-1.827 0.000 1.165 10.187
-1.488 0.000 1.042 10.125
-1.154 0.000 0.920 10.075
-0.822 0.000 0.799 10.038
-0.492 0.000 0.679 10.014
-0.164 0.000 0.560 10.002
0.133 1.918 0.452 8.083
0.398 1.918 0.355 8.093
0.653 2.055 0.262 7.975
0.917 2.055 0.166 8.005
1.182 2.055 0.070 8.044
1.451 2.055 -0.028 8.094
1.724 2.055 -0.127 8.154
2.168 1.391 -0.289 8.913
2.428 1.550 -0.384 8.836
2.717 1.604 -0.489 8.880
3.134 1.312 -0.641 9.306
3.989 0.000 -0.952 10.864
4.382 0.000 -1.095 11.034
4.788 0.000 -1.243 11.223
5.209 0.000 -1.396 11.434
-5.209 0.000 2.596 11.434
-4.788 0.000 2.443 11.223
-4.382 0.000 2.295 11.034
-3.989 0.000 2.152 10.864
-3.607 0.000 2.013 10.711
-3.236 0.000 1.878 10.576
-2.873 0.000 1.746 10.457
-2.518 0.000 1.616 10.353
-2.169 0.000 1.490 10.263
-1.827 0.000 1.365 10.187
-1.488 0.000 1.242 10.125
-1.154 0.000 1.120 10.075
-0.822 0.000 0.999 10.038
-0.492 0.000 0.879 10.014
-0.164 0.000 0.760 10.002
0.164 0.000 0.640 10.002
0.492 0.000 0.521 10.014
0.653 2.055 0.462 7.975
0.917 2.055 0.366 8.005
1.182 2.055 0.270 8.044
1.451 2.055 0.172 8.094
1.724 2.055 0.073 8.154
2.000 2.055 -0.028 8.225
2.283 2.055 -0.131 8.308
2.735 1.547 -0.295 8.940
3.048 1.550 -0.409 9.051
3.989 0.000 -0.752 10.864
4.382 0.000 -0.895 11.034
4.788 0.000 -1.043 11.223
5.209 0.000 -1.196 11.434
-5.209 0.000 2.816 11.434
-4.788 0.000 2.663 11.223
-4.382 0.000 2.515 11.034
-3.989 0.000 2.372 10.864
-3.607 0.000 2.233 10.711
-3.236 0.000 2.098 10.576
-2.873 0.000 1.966 10.457
-2.518 0.000 1.836 10.353
-2.169 0.000 1.710 10.263
-1.827 0.000 1.585 10.187
-1.488 0.000 1.462 10.125
-1.154 0.000 1.340 10.075
-0.822 0.000 1.219 10.038
-0.492 0.000 1.099 10.014
-0.164 0.000 0.980 10.002
0.142 1.321 0.868 8.680
0.435 1.164 0.762 8.848
0.701 1.469 0.665 8.563
0.919 2.034 0.586 8.026
1.182 2.055 0.490 8.044
1.451 2.055 0.392 8.094
1.724 2.055 0.293 8.154
2.000 2.055 0.192 8.225
2.283 2.055 0.089 8.308
2.571 2.055 -0.016 8.403
2.866 2.055 -0.123 8.510
3.989 0.000 -0.532 10.864
4.382 0.000 -0.675 11.034
4.788 0.000 -0.823 11.223
5.209 0.000 -0.976 11.434
-5.209 0.000 3.016 11.434
-4.788 0.000 2.863 11.223
-4.382 0.000 2.715 11.034
-3.989 0.000 2.572 10.864
-3.607 0.000 2.433 10.711
-3.236 0.000 2.298 10.576
-2.873 0.000 2.166 10.457
-2.518 0.000 2.036 10.353
-2.169 0.000 1.910 10.263
-1.827 0.000 1.785 10.187
-1.488 0.000 1.662 10.125
-1.154 0.000 1.540 10.075
-0.822 0.000 1.419 10.038
-0.492 0.000 1.299 10.014
-0.164 0.000 1.180 10.002
0.139 1.507 1.069 8.495
0.420 1.468 0.967 8.544
0.701 1.469 0.865 8.563
0.886 2.324 0.798 7.734
0.866 4.180 0.805 5.892
1.476 1.919 0.583 8.233
1.724 2.055 0.493 8.154
2.000 2.055 0.392 8.225
2.283 2.055 0.289 8.308
2.571 2.055 0.184 8.403
2.866 2.055 0.077 8.510
3.989 0.000 -0.332 10.864
4.382 0.000 -0.475 11.034
4.788 0.000 -0.623 11.223
5.209 0.000 -0.776 11.434
-5.209 0.000 3.236 11.434
-4.788 0.000 3.083 11.223
-4.382 0.000 2.935 11.034
-3.989 0.000 2.792 10.864
-3.607 0.000 2.653 10.711
-3.236 0.000 2.518 10.576
-2.873 0.000 2.386 10.457
-2.518 0.000 2.256 10.353
-2.169 0.000 2.130 10.263
-1.827 0.000 2.005 10.187
-1.488 0.000 1.882 10.125
-1.154 0.000 1.760 10.075
-0.822 0.000 1.639 10.038
-0.492 0.000 1.519 10.014
-0.164 0.000 1.400 10.002
0.139 1.507 1.289 8.495
0.418 1.507 1.188 8.505
0.487 4.079 1.163 5.944
0.683 4.079 1.091 5.965
1.269 1.472 0.878 8.635
1.558 1.472 0.773 8.688
1.850 1.472 0.667 8.753
2.035 1.919 0.599 8.366
2.283 2.055 0.509 8.308
2.571 2.055 0.404 8.403
2.866 2.055 0.297 8.510
3.224 1.918 0.167 8.780
3.541 1.918 0.051 8.917
4.788 0.000 -0.403 11.223
5.209 0.000 -0.556 11.434
-5.209 0.000 3.436 11.434
-4.788 0.000 3.283 11.223
-4.382 0.000 3.135 11.034
-3.989 0.000 2.992 10.864
-3.607 0.000 2.853 10.711
-3.236 0.000 2.718 10.576
-2.873 0.000 2.586 10.457
-2.518 0.000 2.456 10.353
-2.169 0.000 2.330 10.263
-1.827 0.000 2.205 10.187
-1.488 0.000 2.082 10.125
-1.154 0.000 1.960 10.075
-0.822 0.000 1.839 10.038
-0.492 0.000 1.719 10.014
-0.164 0.000 1.600 10.002
0.139 1.507 1.489 8.495
0.396 1.959 1.396 8.052
0.487 4.079 1.363 5.944
0.683 4.079 1.291 5.965
0.881 4.079 1.219 5.995
1.082 4.079 1.146 6.032
1.285 4.079 1.073 6.077
2.147 1.472 0.758 8.829
2.450 1.472 0.648 8.918
2.615 1.919 0.588 8.547
2.866 2.055 0.497 8.510
3.224 1.918 0.367 8.780
3.541 1.918 0.251 8.917
3.870 1.918 0.132 9.070
5.209 0.000 -0.356 11.434
-5.209 0.000 3.656 11.434
-4.788 0.000 3.503 11.223
-4.382 0.000 3.355 11.034
-3.989 0.000 3.212 10.864
-3.607 0.000 3.073 10.711
-3.236 0.000 2.938 10.576
-2.873 0.000 2.806 10.457
-2.518 0.000 2.676 10.353
-2.169 0.000 2.550 10.263
-1.827 0.000 2.425 10.187
-1.488 0.000 2.302 10.125
-1.154 0.000 2.180 10.075
-0.822 0.000 2.059 10.038
-0.492 0.000 1.939 10.014
-0.164 0.000 1.820 10.002
0.120 2.673 1.716 7.328
0.339 3.123 1.637 6.887
0.487 4.079 1.583 5.944
0.683 4.079 1.511 5.965
0.881 4.079 1.439 5.995
1.082 4.079 1.366 6.032
1.285 4.079 1.293 6.077
1.491 4.079 1.217 6.130
1.701 4.079 1.141 6.192
1.916 4.079 1.063 6.262
3.607 0.000 0.447 10.711
3.989 0.000 0.308 10.864
3.541 1.918 0.471 8.917
3.870 1.918 0.352 9.070
4.210 1.918 0.228 9.240
-5.209 0.000 3.856 11.434
-4.788 0.000 3.703 11.223
-4.382 0.000 3.555 11.034
-3.989 0.000 3.412 10.864
-3.607 0.000 3.273 10.711
-3.236 0.000 3.138 10.576
-2.873 0.000 3.006 10.457
-2.518 0.000 2.876 10.353
-2.169 0.000 2.750 10.263
-1.827 0.000 2.625 10.187
-1.488 0.000 2.502 10.125
-1.154 0.000 2.380 10.075
-0.822 0.000 2.259 10.038
-0.492 0.000 2.139 10.014
-0.164 0.000 2.020 10.002
0.120 2.673 1.916 7.328
0.339 3.123 1.837 6.887
0.487 4.079 1.783 5.944
0.689 4.031 1.709 6.014
0.881 4.079 1.639 5.995
1.005 4.498 1.594 5.605
1.194 4.498 1.526 5.647
1.385 4.498 1.456 5.697
1.701 4.079 1.341 6.192
1.916 4.079 1.263 6.262
2.136 4.079 1.183 6.342
2.362 4.079 1.100 6.432
4.382 0.000 0.365 11.034
4.788 0.000 0.217 11.223
4.571 1.225 0.296 10.033
-5.209 0.000 4.076 11.434
-4.788 0.000 3.923 11.223
-4.382 0.000 3.775 11.034
-3.989 0.000 3.632 10.864
-3.607 0.000 3.493 10.711
-3.236 0.000 3.358 10.576
-2.873 0.000 3.226 10.457
-2.518 0.000 3.096 10.353
-2.169 0.000 2.970 10.263
-1.827 0.000 2.845 10.187
-1.488 0.000 2.722 10.125
-1.154 0.000 2.600 10.075
-0.822 0.000 2.479 10.038
-0.492 0.000 2.359 10.014
-0.164 0.000 2.240 10.002
0.120 2.673 2.136 7.328
0.339 3.123 2.057 6.887
0.487 4.079 2.003 5.944
0.683 4.079 1.931 5.965
0.881 4.079 1.859 5.995
1.005 4.498 1.814 5.605
1.194 4.498 1.746 5.647
1.385 4.498 1.676 5.697
1.581 4.498 1.605 5.754
1.780 4.498 1.532 5.820
1.985 4.498 1.458 5.894
2.362 4.079 1.320 6.432
2.595 4.079 1.236 6.533
2.835 4.079 1.148 6.645
3.084 4.079 1.058 6.770
-5.209 0.000 4.296 11.434
-4.788 0.000 4.143 11.223
-4.382 0.000 3.995 11.034
-3.989 0.000 3.852 10.864
-3.607 0.000 3.713 10.711
-3.236 0.000 3.578 10.576
-2.873 0.000 3.446 10.457
-2.518 0.000 3.316 10.353
-2.169 0.000 3.190 10.263
-1.827 0.000 3.065 10.187
-1.488 0.000 2.942 10.125
-1.154 0.000 2.820 10.075
-0.822 0.000 2.699 10.038
-0.492 0.000 2.579 10.014
-0.164 0.000 2.460 10.002
0.139 1.507 2.349 8.495
0.339 3.123 2.277 6.887
0.487 4.079 2.223 5.944
0.683 4.079 2.151 5.965
0.881 4.079 2.079 5.995
1.005 4.498 2.034 5.605
1.194 4.498 1.966 5.647
1.385 4.498 1.896 5.697
1.581 4.498 1.825 5.754
1.780 4.498 1.752 5.820
1.985 4.498 1.678 5.894
2.195 4.498 1.601 5.978
2.411 4.498 1.522 6.071
2.835 4.079 1.368 6.645
3.084 4.079 1.277 6.770
-5.209 0.000 4.496 11.434
-4.788 0.000 4.343 11.223
-4.382 0.000 4.195 11.034
-3.989 0.000 4.052 10.864
-3.607 0.000 3.913 10.711
-3.236 0.000 3.778 10.576
-2.873 0.000 3.646 10.457
-2.518 0.000 3.516 10.353
-2.169 0.000 3.390 10.263
-1.827 0.000 3.265 10.187
-1.488 0.000 3.142 10.125
-1.154 0.000 3.020 10.075
-0.822 0.000 2.899 10.038
-0.492 0.000 2.779 10.014
-0.164 0.000 2.660 10.002
0.120 2.673 2.556 7.328
0.344 3.023 2.475 6.987
0.487 4.079 2.423 5.944
0.683 4.079 2.351 5.965
0.881 4.079 2.279 5.995
1.005 4.498 2.234 5.605
1.194 4.498 2.166 5.647
1.385 4.498 2.096 5.697
1.581 4.498 2.025 5.754
1.780 4.498 1.952 5.820
1.985 4.498 1.878 5.894
2.195 4.498 1.801 5.978
2.411 4.498 1.722 6.071
2.835 4.079 1.568 6.645
3.084 4.079 1.477 6.770
-1.555 7.015 3.386 3.412
-4.788 0.000 4.563 11.223
-4.382 0.000 4.415 11.034
-3.989 0.000 4.272 10.864
-3.607 0.000 4.133 10.711
-3.236 0.000 3.998 10.576
-2.873 0.000 3.866 10.457
-2.518 0.000 3.736 10.353
-2.169 0.000 3.610 10.263
-1.827 0.000 3.485 10.187
-1.488 0.000 3.362 10.125
-1.154 0.000 3.240 10.075
-0.822 0.000 3.119 10.038
-0.492 0.000 2.999 10.014
-0.164 0.000 2.880 10.002
0.120 2.673 2.776 7.328
0.339 3.123 2.697 6.887
0.487 4.079 2.643 5.944
0.683 4.079 2.571 5.965
0.881 4.079 2.499 5.995
1.005 4.498 2.454 5.605
1.194 4.498 2.386 5.647
1.385 4.498 2.316 5.697
1.581 4.498 2.245 5.754
1.780 4.498 2.172 5.820
1.985 4.498 2.098 5.894
2.195 4.498 2.021 5.978
2.411 4.498 1.942 6.071
2.835 4.079 1.788 6.645
3.084 4.079 1.697 6.770
-1.318 7.470 3.500 2.892
-1.513 6.841 3.571 3.545
-1.412 6.777 3.534 3.556
-3.989 0.000 4.472 10.864
-3.607 0.000 4.333 10.711
-3.236 0.000 4.198 10.576
-2.873 0.000 4.066 10.457
-2.518 0.000 3.936 10.353
-2.169 0.000 3.810 10.263
-1.827 0.000 3.685 10.187
-1.488 0.000 3.562 10.125
-1.154 0.000 3.440 10.075
-0.822 0.000 3.319 10.038
-0.492 0.000 3.199 10.014
-0.164 0.000 3.080 10.002
0.120 2.673 2.976 7.328
0.339 3.123 2.897 6.887
0.487 4.079 2.843 5.944
0.683 4.079 2.771 5.965
0.881 4.079 2.699 5.995
1.005 4.498 2.654 5.605
1.194 4.498 2.586 5.647
1.385 4.498 2.516 5.697
1.581 4.498 2.445 5.754
1.780 4.498 2.372 5.820
1.985 4.498 2.298 5.894
2.195 4.498 2.221 5.978
2.411 4.498 2.142 6.071
2.835 4.079 1.988 6.645
3.084 4.079 1.897 6.770
-1.311 7.484 3.717 2.877
-1.219 7.455 3.684 2.857
-1.128 7.426 3.651 2.840
-1.351 6.614 3.732 3.679
-1.246 6.547 3.693 3.699
-3.236 0.000 4.418 10.576
-2.873 0.000 4.286 10.457
-2.518 0.000 4.156 10.353
-2.169 0.000 4.030 10.263
-1.827 0.000 3.905 10.187
-1.488 0.000 3.782 10.125
-1.154 0.000 3.660 10.075
-0.822 0.000 3.539 10.038
-0.492 0.000 3.419 10.014
-0.164 0.000 3.300 10.002
0.120 2.673 3.196 7.328
0.339 3.123 3.117 6.887
0.487 4.079 3.063 5.944
0.683 4.079 2.991 5.965
0.881 4.079 2.919 5.995
1.005 4.498 2.874 5.605
1.194 4.498 2.806 5.647
1.385 4.498 2.736 5.697
1.581 4.498 2.665 5.754
1.780 4.498 2.592 5.820
1.985 4.498 2.518 5.894
2.195 4.498 2.441 5.978
2.411 4.498 2.362 6.071
2.835 4.079 2.208 6.645
3.084 4.079 2.117 6.770
-1.317 7.471 3.920 2.892
-1.224 7.443 3.886 2.869
-1.132 7.416 3.852 2.851
-1.041 7.390 3.819 2.836
-0.951 7.363 3.786 2.825
-1.169 6.387 3.866 3.821
-2.873 0.000 4.486 10.457
-2.518 0.000 4.356 10.353
-2.169 0.000 4.230 10.263
-1.827 0.000 4.105 10.187
-1.488 0.000 3.982 10.125
-1.154 0.000 3.860 10.075
-0.822 0.000 3.739 10.038
-0.492 0.000 3.619 10.014
-0.164 0.000 3.500 10.002
0.139 1.507 3.389 8.495
0.344 3.023 3.315 6.987
0.487 4.079 3.263 5.944
0.683 4.079 3.191 5.965
0.881 4.079 3.119 5.995
1.053 4.234 3.057 5.874
1.225 4.353 2.994 5.796
1.401 4.436 2.930 5.761
1.581 4.498 2.865 5.754
1.780 4.498 2.792 5.820
1.985 4.498 2.718 5.894
2.195 4.498 2.641 5.978
2.411 4.498 2.562 6.071
2.835 4.079 2.408 6.645
3.084 4.079 2.317 6.770
-1.334 7.439 4.146 2.928
-1.236 7.418 4.110 2.898
-1.135 7.409 4.073 2.859
-1.037 7.401 4.037 2.824
-0.941 7.392 4.002 2.793
-3.236 0.000 4.838 10.576
-2.873 0.000 4.706 10.457
-2.518 0.000 4.576 10.353
-2.169 0.000 4.450 10.263
-1.827 0.000 4.325 10.187
-1.488 0.000 4.202 10.125
-1.154 0.000 4.080 10.075
-0.822 0.000 3.959 10.038
-0.492 0.000 3.839 10.014
-0.164 0.000 3.720 10.002
0.139 1.507 3.609 8.495
0.418 1.507 3.508 8.505
0.487 4.079 3.483 5.944
0.683 4.079 3.411 5.965
0.881 4.079 3.339 5.995
1.072 4.131 3.270 5.978
1.227 4.343 3.213 5.806
1.422 4.353 3.142 5.846
1.622 4.353 3.070 5.905
1.827 4.353 2.995 5.973
2.007 4.437 2.930 5.959
2.195 4.498 2.861 5.978
2.411 4.498 2.782 6.071
2.835 4.079 2.628 6.645
3.084 4.079 2.537 6.770
-1.304 7.497 4.335 2.862
-1.203 7.488 4.298 2.819
-0.997 7.725 4.223 2.511
-1.009 7.472 4.227 2.747
-0.915 7.464 4.193 2.717
-0.823 7.456 4.160 2.691
-0.733 7.448 4.127 2.668
-2.518 0.000 4.776 10.353
-0.498 7.704 4.041 2.357
-1.827 0.000 4.525 10.187
-1.488 0.000 4.402 10.125
-1.154 0.000 4.280 10.075
-0.822 0.000 4.159 10.038
-0.492 0.000 4.039 10.014
-0.164 0.000 3.920 10.002
0.143 1.290 3.808 8.712
0.344 3.019 3.735 6.990
0.487 4.079 3.683 5.944
0.683 4.079 3.611 5.965
0.881 4.079 3.539 5.995
1.082 4.079 3.466 6.032
1.285 4.079 3.393 6.077
1.462 4.193 3.328 6.012
1.644 4.279 3.262 5.982
1.827 4.353 3.195 5.973
2.037 4.353 3.119 6.049
2.253 4.353 3.040 6.135
2.462 4.382 2.964 6.199
2.835 4.079 2.828 6.645
3.084 4.079 2.737 6.770
-1.266 7.570 4.541 2.779
-1.169 7.559 4.505 2.740
-1.048 7.609 4.461 2.639
-0.927 7.675 4.418 2.526
-0.828 7.705 4.381 2.459
-0.734 7.733 4.347 2.398
-0.644 7.760 4.314 2.342
-0.559 7.782 4.283 2.297
-0.478 7.799 4.254 2.259
-0.403 7.793 4.227 2.249
-0.329 7.786 4.200 2.241
-1.154 0.000 4.500 10.075
-0.822 0.000 4.379 10.038
-0.492 0.000 4.259 10.014
-0.164 0.000 4.140 10.002
0.164 0.000 4.020 10.002
0.344 3.019 3.955 6.990
0.479 4.171 3.906 5.851
0.659 4.290 3.840 5.753
0.881 4.079 3.759 5.995
1.049 4.256 3.698 5.851
1.285 4.079 3.613 6.077
1.491 4.079 3.537 6.130
1.701 4.079 3.461 6.192
1.916 4.079 3.383 6.262
2.091 4.204 3.319 6.208
2.276 4.293 3.251 6.200
2.475 4.353 3.179 6.231
2.835 4.079 3.048 6.645
3.084 4.079 2.957 6.770
-1.140 7.811 4.695 2.503
-1.019 7.871 4.651 2.390
-0.909 7.926 4.611 2.289
-0.811 7.966 4.575 2.209
-0.791 7.807 4.568 2.350
-0.702 7.831 4.535 2.294
-0.618 7.849 4.505 2.249
-0.537 7.866 4.476 2.210
-0.462 7.871 4.448 2.185
-0.390 7.865 4.422 2.175
-0.319 7.859 4.396 2.168
-0.248 7.853 4.370 2.163
-0.177 7.847 4.344 2.161
-0.492 0.000 4.459 10.014
-0.164 0.000 4.340 10.002
0.164 0.000 4.220 10.002
0.344 3.019 4.155 6.990
0.479 4.175 4.106 5.847
0.660 4.280 4.040 5.763
0.848 4.304 3.971 5.767
1.045 4.280 3.900 5.828
1.247 4.254 3.826 5.898
1.450 4.242 3.752 5.961
1.656 4.236 3.677 6.027
1.916 4.079 3.583 6.262
2.136 4.079 3.503 6.342
2.362 4.079 3.420 6.432
2.595 4.079 3.336 6.533
2.835 4.079 3.248 6.645
3.084 4.079 3.157 6.770
-1.302 7.500 4.974 2.858
-1.144 7.611 4.916 2.682
-0.993 7.734 4.861 2.500
-0.863 7.836 4.814 2.351
-0.755 7.908 4.775 2.241
-0.671 7.925 4.744 2.194
-0.591 7.942 4.715 2.152
-0.515 7.956 4.687 2.116
-0.445 7.950 4.662 2.104
-0.375 7.944 4.637 2.094
-0.307 7.939 4.612 2.087
-0.239 7.933 4.587 2.083
-0.170 7.927 4.562 2.081
-0.102 7.921 4.537 2.082
-0.034 7.915 4.512 2.085
0.034 7.909 4.488 2.091
0.344 3.019 4.375 6.990
0.479 4.180 4.326 5.843
0.660 4.280 4.260 5.763
0.851 4.280 4.190 5.792
1.043 4.290 4.120 5.817
1.241 4.280 4.048 5.871
1.440 4.280 3.976 5.922
1.643 4.280 3.902 5.982
1.859 4.254 3.823 6.078
2.074 4.250 3.745 6.159
2.362 4.079 3.640 6.432
2.595 4.079 3.556 6.533
2.835 4.079 3.468 6.645
3.084 4.079 3.377 6.770
-1.321 7.463 5.181 2.900
-1.156 7.585 5.121 2.711
-1.015 7.683 5.070 2.556
-0.892 7.764 5.025 2.429
-0.777 7.845 4.983 2.308
-0.668 7.935 4.943 2.184
-0.570 8.016 4.907 2.074
-0.497 8.028 4.881 2.042
-0.429 8.022 4.856 2.030
-0.363 8.015 4.832 2.022
-0.297 8.008 4.808 2.017
-0.231 8.000 4.784 2.015
-0.165 7.993 4.760 2.015
-0.099 7.985 4.736 2.018
-0.033 7.978 4.712 2.023
0.033 7.970 4.688 2.030
0.100 7.962 4.664 2.040
0.478 4.184 4.526 5.838
0.660 4.280 4.460 5.763
0.848 4.303 4.391 5.768
1.040 4.305 4.321 5.802
1.241 4.280 4.248 5.871
1.440 4.280 4.176 5.922
1.635 4.309 4.105 5.951
1.841 4.309 4.030 6.019
2.053 4.309 3.953 6.096
2.282 4.280 3.870 6.215
2.518 4.254 3.784 6.340
2.750 4.256 3.699 6.446
3.003 4.235 3.607 6.592
-1.414 7.285 5.435 3.104
-1.193 7.508 5.354 2.797
-1.051 7.602 5.303 2.646
-0.923 7.686 5.256 2.514
-0.807 7.762 5.214 2.397
-0.695 7.852 5.173 2.271
-0.593 7.935 5.136 2.160
-0.512 7.965 5.107 2.107
-0.436 7.989 5.079 2.063
-0.365 8.003 5.053 2.034
-0.295 8.017 5.027 2.008
-0.229 8.012 5.004 2.003
-0.164 8.004 4.980 2.003
-0.099 7.997 4.956 2.006
-0.033 7.989 4.932 2.011
0.033 7.982 4.908 2.018
0.100 7.978 4.884 2.025
0.167 7.974 4.859 2.033
0.660 4.280 4.680 5.763
0.848 4.305 4.612 5.766
1.041 4.301 4.541 5.805
1.241 4.280 4.468 5.871
1.438 4.290 4.397 5.911
1.640 4.290 4.323 5.971
1.851 4.280 4.246 6.050
2.053 4.309 4.173 6.096
2.282 4.280 4.090 6.215
2.472 4.359 4.020 6.225
2.739 4.280 3.923 6.420
3.032 4.178 3.816 6.656
-1.368 7.374 5.618 3.002
-1.215 7.462 5.562 2.848
-1.152 7.370 5.539 2.902
-0.952 7.614 5.466 2.592
-0.832 7.693 5.423 2.471
-0.719 7.777 5.382 2.351
-0.619 7.846 5.345 2.252
-0.534 7.878 5.315 2.197
-0.454 7.907 5.285 2.148
-0.377 7.936 5.257 2.103
-0.305 7.951 5.231 2.075
-0.235 7.964 5.206 2.051
-0.166 7.977 5.181 2.030
-0.099 7.990 5.156 2.012
-0.033 8.000 5.132 2.000
0.033 7.990 5.108 2.010
0.099 7.980 5.084 2.023
0.167 7.969 5.059 2.038
0.286 7.518 5.016 2.500
0.843 4.333 4.813 5.738
1.045 4.280 4.740 5.828
1.241 4.280 4.668 5.871
1.440 4.280 4.596 5.922
1.640 4.290 4.523 5.971
1.847 4.290 4.448 6.039
2.060 4.290 4.370 6.116
2.282 4.280 4.290 6.215
2.507 4.280 4.208 6.312
2.735 4.287 4.124 6.412
3.031 4.182 4.017 6.652
-1.302 7.500 5.814 2.858
-1.103 7.697 5.741 2.585
-1.121 7.441 5.748 2.823
-1.025 7.431 5.713 2.791
-0.860 7.617 5.653 2.552
-0.746 7.694 5.612 2.439
-0.647 7.749 5.575 2.354
-0.559 7.782 5.543 2.296
-0.474 7.813 5.513 2.245
-0.394 7.843 5.483 2.198
-0.317 7.871 5.455 2.155
-0.243 7.892 5.429 2.124
-0.172 7.906 5.403 2.102
-0.102 7.919 5.377 2.084
-0.034 7.930 5.352 2.070
0.034 7.940 5.328 2.060
0.101 7.940 5.303 2.063
0.487 4.079 5.163 5.944
0.660 4.280 5.100 5.763
0.851 4.280 5.030 5.792
1.043 4.291 4.961 5.815
1.232 4.320 4.892 5.829
1.427 4.333 4.821 5.867
1.640 4.290 4.743 5.971
1.847 4.290 4.668 6.039
2.060 4.290 4.590 6.116
2.282 4.280 4.510 6.215
2.495 4.306 4.432 6.283
2.726 4.306 4.348 6.390
3.028 4.186 4.238 6.648
-1.304 7.496 6.015 2.863
-1.132 7.636 5.952 2.653
-1.120 7.445 5.948 2.819
-1.021 7.441 5.912 2.780
-0.927 7.430 5.877 2.753
-0.835 7.420 5.844 2.729
-0.744 7.409 5.811 2.709
-0.655 7.399 5.778 2.693
-0.493 7.727 5.720 2.333
-0.409 7.758 5.689 2.284
-0.329 7.788 5.660 2.240
-0.252 7.817 5.632 2.200
-0.178 7.840 5.605 2.168
-0.106 7.853 5.579 2.150
-0.035 7.863 5.553 2.137
0.035 7.874 5.527 2.126
0.344 3.019 5.415 6.990
0.487 4.079 5.363 5.944
0.660 4.280 5.300 5.763
0.846 4.316 5.232 5.755
1.045 4.280 5.160 5.828
1.241 4.280 5.088 5.871
1.440 4.280 5.016 5.922
1.628 4.333 4.947 5.926
1.838 4.320 4.871 6.007
2.044 4.333 4.796 6.071
2.282 4.280 4.710 6.215
2.495 4.306 4.632 6.283
2.726 4.306 4.548 6.390
3.027 4.190 4.438 6.643
-1.294 7.515 6.231 2.841
-1.164 7.569 6.184 2.729
-1.119 7.447 6.167 2.817
-1.032 7.414 6.135 2.810
-0.934 7.410 6.100 2.774
-0.832 7.430 6.063 2.718
-0.741 7.421 6.030 2.697
-0.651 7.413 5.997 2.678
-0.564 7.400 5.965 2.669
-0.477 7.386 5.934 2.663
-0.481 6.771 5.935 3.269
-0.349 6.973 5.887 3.050
-0.822 0.000 6.059 10.038
-0.492 0.000 5.939 10.014
-0.164 0.000 5.820 10.002
0.164 0.000 5.700 10.002
0.344 3.019 5.635 6.990
0.487 4.079 5.583 5.944
0.658 4.297 5.521 5.746
0.851 4.280 5.450 5.792
1.040 4.307 5.382 5.800
1.236 4.303 5.310 5.847
1.433 4.307 5.238 5.894
1.636 4.307 5.165 5.953
1.842 4.307 5.090 6.021
2.063 4.280 5.009 6.127
2.261 4.333 4.937 6.157
2.489 4.320 4.854 6.267
2.714 4.333 4.772 6.361
3.024 4.194 4.659 6.639
-1.169 7.755 6.406 2.567
-1.202 7.490 6.417 2.817
-1.115 7.456 6.386 2.807
-1.028 7.423 6.354 2.800
-0.942 7.390 6.323 2.796
-0.855 7.357 6.291 2.796
-0.755 7.373 6.255 2.747
-0.659 7.383 6.220 2.710
-0.569 7.375 6.187 2.694
-0.656 6.406 6.219 3.661
-0.596 5.998 6.197 4.052
-0.543 5.294 6.178 4.741
-0.822 0.000 6.279 10.038
-0.492 0.000 6.159 10.014
-0.164 0.000 6.040 10.002
0.164 0.000 5.920 10.002
0.344 3.019 5.855 6.990
0.487 4.079 5.803 5.944
0.658 4.297 5.741 5.746
0.847 4.307 5.672 5.764
1.040 4.307 5.602 5.800
1.236 4.303 5.530 5.847
1.433 4.307 5.458 5.894
1.636 4.307 5.385 5.953
1.843 4.303 5.309 6.025
2.054 4.307 5.233 6.098
2.271 4.307 5.154 6.185
2.507 4.280 5.068 6.312
2.714 4.333 4.992 6.361
3.022 4.197 4.880 6.634
-1.272 7.559 6.643 2.791
-1.198 7.498 6.616 2.808
-1.111 7.465 6.584 2.797
-1.025 7.431 6.553 2.790
-0.987 7.265 6.539 2.929
-0.878 7.286 6.500 2.870
-0.775 7.304 6.462 2.820
-0.675 7.319 6.426 2.776
-0.579 7.330 6.391 2.741
-0.737 5.966 6.448 4.110
-0.601 5.961 6.399 4.090
-0.666 4.227 6.422 5.816
-0.479 4.172 6.354 5.850
-0.492 0.000 6.359 10.014
-0.164 0.000 6.240 10.002
0.140 1.472 6.129 8.529
0.344 3.019 6.055 6.990
0.487 4.079 6.003 5.944
0.658 4.297 5.941 5.746
0.848 4.302 5.871 5.769
1.040 4.307 5.802 5.800
1.235 4.307 5.731 5.843
1.435 4.302 5.658 5.899
1.636 4.307 5.585 5.953
1.842 4.307 5.510 6.021
2.054 4.307 5.433 6.098
2.272 4.303 5.353 6.189
2.507 4.280 5.268 6.312
2.722 4.316 5.189 6.380
3.084 4.079 5.057 6.770
-1.669 6.796 7.007 3.663
-1.555 6.752 6.966 3.645
-1.533 6.501 6.958 3.861
-1.622 5.933 6.990 4.418
-1.602 5.560 6.983 4.756
-0.903 7.211 6.729 2.950
-1.215 5.772 6.842 4.421
-1.049 5.833 6.782 4.314
-0.896 5.869 6.726 4.240
-0.751 5.891 6.673 4.186
-0.857 4.242 6.712 5.830
-0.671 4.184 6.644 5.860
-0.483 4.125 6.576 5.897
-0.492 0.000 6.579 10.014
-0.164 0.000 6.460 10.002
0.140 1.472 6.349 8.529
0.344 3.019 6.275 6.990
0.487 4.079 6.223 5.944
0.658 4.297 6.161 5.746
0.848 4.304 6.091 5.767
1.040 4.307 6.022 5.800
1.235 4.307 5.951 5.843
1.434 4.306 5.878 5.895
1.636 4.307 5.805 5.953
1.842 4.307 5.730 6.021
2.054 4.305 5.652 6.100
2.272 4.303 5.573 6.189
2.495 4.307 5.492 6.281
2.739 4.280 5.403 6.420
3.084 4.079 5.277 6.770
-1.788 6.568 7.251 3.924
-1.661 6.531 7.205 3.893
-1.536 6.494 7.159 3.868
-1.414 6.456 7.115 3.850
-1.355 6.242 7.093 4.025
-1.458 5.495 7.131 4.765
-1.308 5.448 7.076 4.760
-1.468 4.171 7.134 6.035
-1.267 4.162 7.061 5.992
-1.069 4.150 6.989 5.959
-0.871 4.148 6.917 5.925
-0.676 4.140 6.846 5.904
-0.487 4.081 6.777 5.941
-0.492 0.000 6.779 10.014
-0.164 0.000 6.660 10.002
0.140 1.472 6.549 8.529
0.322 3.463 6.483 6.546
0.487 4.079 6.423 5.944
0.658 4.297 6.361 5.746
0.847 4.307 6.292 5.764
1.040 4.304 6.221 5.803
1.235 4.307 6.151 5.843
1.433 4.307 6.078 5.894
1.637 4.303 6.004 5.957
1.842 4.307 5.930 6.021
2.054 4.307 5.853 6.098
2.271 4.307 5.774 6.185
2.495 4.307 5.692 6.281
2.726 4.306 5.608 6.390
3.084 4.079 5.477 6.770
-1.798 6.548 7.475 3.947
-1.672 6.508 7.429 3.919
-1.547 6.469 7.383 3.896
-1.424 6.431 7.338 3.877
-1.301 6.393 7.294 3.864
-1.236 6.180 7.270 4.040
-1.321 5.402 7.301 4.808
-1.544 3.867 7.382 6.349
-1.304 3.990 7.295 6.168
-1.091 4.027 7.217 6.084
-0.891 4.016 7.144 6.059
-0.692 4.004 7.072 6.041
-0.494 3.992 7.000 6.031
-0.309 3.722 6.933 6.287
-0.164 0.000 6.880 10.002
0.140 1.472 6.769 8.529
0.322 3.463 6.703 6.546
0.487 4.079 6.643 5.944
0.658 4.297 6.581 5.746
0.847 4.307 6.512 5.764
1.040 4.307 6.442 5.800
1.235 4.307 6.371 5.843
1.434 4.306 6.298 5.895
1.636 4.307 6.225 5.953
1.842 4.307 6.150 6.021
2.054 4.307 6.073 6.098
2.271 4.307 5.994 6.185
2.496 4.305 5.912 6.284
2.728 4.303 5.827 6.394
3.084 4.079 5.697 6.770
-1.837 6.472 7.689 4.033
-1.691 6.469 7.635 3.963
-1.565 6.429 7.589 3.940
-1.440 6.390 7.544 3.921
-1.316 6.352 7.499 3.908
-1.249 6.139 7.475 4.083
-1.342 5.331 7.508 4.883
-1.478 4.130 7.558 6.077
-1.313 3.950 7.498 6.209
-1.119 3.876 7.427 6.239
-0.907 3.904 7.350 6.172
-0.705 3.892 7.277 6.154
-0.512 3.768 7.206 6.255
-0.310 3.709 7.133 6.300
-0.104 3.649 7.058 6.352
0.140 1.472 6.969 8.529
0.322 3.463 6.903 6.546
0.487 4.079 6.843 5.944
0.659 4.290 6.780 5.753
0.851 4.280 6.710 5.792
1.040 4.307 6.642 5.800
1.235 4.307 6.571 5.843
1.433 4.307 6.498 5.894
1.636 4.307 6.425 5.953
1.843 4.303 6.349 6.026
2.054 4.307 6.273 6.098
2.271 4.307 6.194 6.185
2.495 4.307 6.112 6.282
2.726 4.307 6.028 6.389
3.084 4.079 5.897 6.770
-1.909 6.335 7.935 4.191
-1.759 6.326 7.880 4.123
-1.614 6.318 7.827 4.063
-1.472 6.309 7.776 4.009
-1.332 6.307 7.725 3.956
-1.277 6.054 7.705 4.174
-1.163 5.953 7.663 4.232
-1.016 5.966 7.610 4.177
-0.878 5.954 7.560 4.152
-1.143 3.741 7.656 6.376
-0.928 3.763 7.578 6.314
-0.719 3.765 7.502 6.282
-0.487 4.076 7.417 5.947
-0.287 4.180 7.344 5.828
-0.095 4.237 7.274 5.764
0.094 4.293 7.206 5.708
0.281 4.304 7.138 5.704
0.487 4.079 7.063 5.944
0.659 4.290 7.000 5.753
0.850 4.290 6.931 5.781
1.045 4.280 6.860 5.828
1.235 4.307 6.791 5.843
1.433 4.307 6.718 5.894
1.636 4.305 6.645 5.955
1.842 4.306 6.570 6.022
2.054 4.307 6.493 6.098
2.271 4.307 6.414 6.185
2.495 4.307 6.332 6.282
2.726 4.307 6.248 6.389
3.084 4.079 6.117 6.770
-1.983 6.193 8.162 4.353
-1.811 6.217 8.099 4.246
-1.662 6.208 8.045 4.184
-1.516 6.199 7.992 4.129
-1.458 5.959 7.971 4.328
-1.289 6.017 7.909 4.212
-1.138 6.038 7.854 4.144
-0.998 6.038 7.803 4.102
-0.862 6.026 7.754 4.078
-0.728 6.015 7.705 4.060
-0.927 3.772 7.777 6.305
-0.694 3.985 7.693 6.060
-0.483 4.127 7.616 5.896
-0.264 4.638 7.536 5.369
-0.093 4.329 7.474 5.672
0.092 4.372 7.406 5.629
0.277 4.378 7.339 5.630
0.464 4.362 7.271 5.660
0.659 4.290 7.200 5.753
0.843 4.334 7.133 5.737
1.045 4.280 7.060 5.828
1.236 4.304 6.990 5.845
1.433 4.307 6.918 5.894
1.636 4.307 6.845 5.953
1.842 4.307 6.770 6.021
2.056 4.301 6.692 6.104
2.271 4.307 6.614 6.185
2.495 4.307 6.532 6.282
2.726 4.307 6.448 6.389
3.084 4.079 6.317 6.770
-1.830 6.486 8.326 4.018
-1.884 6.065 8.346 4.416
-1.718 6.080 8.285 4.325
-1.619 5.942 8.249 4.409
-1.462 5.948 8.192 4.340
-1.262 6.099 8.119 4.126
-1.112 6.128 8.065 4.049
-0.978 6.117 8.016 4.020
-0.845 6.105 7.968 3.997
-0.713 6.094 7.920 3.979
-0.583 6.083 7.872 3.966
-0.689 4.030 7.911 6.015
-0.478 4.181 7.834 5.841
-0.279 4.340 7.761 5.668
-0.092 4.421 7.693 5.580
0.091 4.459 7.627 5.542
0.265 4.629 7.564 5.379
0.457 4.443 7.494 5.578
0.643 4.427 7.426 5.615
0.881 4.079 7.339 5.995
1.082 4.079 7.266 6.032
1.241 4.280 7.208 5.871
1.440 4.280 7.136 5.922
1.636 4.307 7.065 5.953
1.843 4.305 6.989 6.023
2.054 4.305 6.912 6.101
2.271 4.307 6.834 6.185
2.495 4.307 6.752 6.281
2.739 4.280 6.663 6.420
3.084 4.079 6.537 6.770
-1.819 6.507 8.522 3.993
-1.706 6.436 8.481 4.000
-1.649 6.237 8.460 4.152
-1.569 6.066 8.431 4.274
-1.442 6.002 8.385 4.282
-1.287 6.023 8.328 4.206
-1.106 6.151 8.263 4.025
-0.967 6.159 8.212 3.977
-0.837 6.144 8.165 3.958
-0.707 6.129 8.117 3.943
-0.578 6.114 8.071 3.934
-0.692 4.003 8.112 6.042
-0.480 4.164 8.035 5.858
-0.280 4.308 7.962 5.700
-0.091 4.448 7.893 5.553
0.090 4.538 7.827 5.463
0.269 4.532 7.762 5.475
0.451 4.517 7.696 5.504
0.619 4.639 7.635 5.401
0.821 4.485 7.561 5.583
1.103 3.963 7.459 6.150
1.285 4.079 7.392 6.077
1.491 4.079 7.317 6.130
1.701 4.079 7.241 6.192
1.851 4.280 7.186 6.050
2.054 4.307 7.113 6.098
2.272 4.305 7.033 6.187
2.507 4.280 6.948 6.312
2.739 4.280 6.863 6.420
3.084 4.079 6.737 6.770
-1.809 6.528 8.738 3.970
-1.684 6.483 8.693 3.947
-1.642 6.252 8.678 4.135
-1.509 6.218 8.629 4.109
-1.389 6.149 8.586 4.125
-1.268 6.080 8.542 4.146
-1.134 6.053 8.493 4.127
-0.981 6.105 8.437 4.032
-0.839 6.133 8.385 3.969
-0.705 6.141 8.337 3.932
-0.576 6.128 8.290 3.920
-0.503 5.641 8.263 4.391
-0.484 4.116 8.256 5.907
-0.283 4.248 8.183 5.760
-0.092 4.386 8.114 5.615
0.090 4.532 8.047 5.469
0.267 4.573 7.983 5.434
0.448 4.553 7.917 5.468
0.631 4.532 7.850 5.509
0.817 4.513 7.783 5.555
1.558 1.472 7.513 8.688
1.477 3.194 7.543 6.985
1.557 3.817 7.513 6.401
1.734 3.963 7.449 6.312
1.916 4.079 7.383 6.262
2.136 4.079 7.303 6.342
2.282 4.278 7.249 6.216
2.502 4.290 7.169 6.300
2.698 4.365 7.098 6.324
3.084 4.079 6.957 6.770
-1.887 6.378 8.967 4.141
-1.734 6.378 8.911 4.066
-1.586 6.379 8.857 3.995
-1.460 6.340 8.811 3.976
-1.346 6.269 8.770 3.996
-1.230 6.197 8.728 4.022
-1.113 6.124 8.685 4.053
-1.001 6.024 8.644 4.117
-0.854 6.066 8.591 4.038
-0.714 6.093 8.540 3.980
-0.580 6.102 8.491 3.946
-0.668 4.210 8.523 5.834
-0.485 4.101 8.457 5.921
-0.286 4.194 8.384 5.814
-0.093 4.330 8.314 5.671
0.091 4.454 8.247 5.547
0.270 4.515 8.182 5.493
0.448 4.549 8.117 5.471
0.630 4.543 8.051 5.498
0.814 4.528 7.984 5.540
1.470 1.955 7.745 8.196
1.745 1.955 7.645 8.257
1.939 2.299 7.574 7.973
1.939 3.251 7.574 7.058
2.056 3.646 7.532 6.720
2.306 3.607 7.441 6.848
2.362 4.079 7.420 6.432
2.595 4.079 7.336 6.533
2.819 4.113 7.254 6.607
3.084 4.079 7.158 6.770
-1.811 6.524 9.159 3.975
-1.675 6.501 9.110 3.927
-1.549 6.464 9.064 3.901
-1.434 6.404 9.022 3.907
-1.319 6.343 8.980 3.917
-1.203 6.282 8.938 3.932
-1.088 6.211 8.896 3.962
-0.972 6.139 8.854 3.997
-0.871 5.985 8.817 4.121
-0.727 6.018 8.765 4.057
-0.590 6.038 8.715 4.011
-0.661 4.272 8.741 5.771
-0.478 4.187 8.674 5.835
-0.289 4.134 8.605 5.874
-0.094 4.268 8.534 5.732
0.092 4.367 8.466 5.633
0.274 4.435 8.400 5.573
0.454 4.480 8.335 5.541
0.633 4.514 8.270 5.527
0.817 4.512 8.203 5.556
1.470 1.955 7.965 8.196
1.745 1.955 7.865 8.257
2.026 1.955 7.763 8.329
2.311 1.955 7.659 8.413
2.519 2.214 7.583 8.234
2.594 2.808 7.556 7.703
2.660 3.331 7.532 7.245
2.719 3.795 7.510 6.846
2.890 3.963 7.448 6.775
3.084 4.079 7.378 6.770
-1.741 6.658 9.334 3.821
-1.628 6.601 9.292 3.815
-1.517 6.538 9.252 3.820
-1.408 6.470 9.213 3.835
-1.298 6.401 9.173 3.855
-1.186 6.336 9.132 3.875
-1.068 6.282 9.089 3.888
-0.952 6.219 9.047 3.914
-0.981 5.478 9.057 4.641
-1.029 4.368 9.074 5.738
-0.841 4.351 9.006 5.720
-0.660 4.281 8.940 5.762
-0.476 4.211 8.873 5.812
-0.289 4.139 8.805 5.869
-0.095 4.212 8.735 5.788
0.094 4.289 8.666 5.712
0.278 4.357 8.599 5.650
0.459 4.417 8.533 5.605
0.640 4.449 8.467 5.593
0.824 4.466 8.400 5.603
1.092 4.021 8.303 6.091
1.745 1.955 8.065 8.257
2.026 1.955 7.963 8.329
2.311 1.955 7.859 8.413
2.603 1.955 7.753 8.509
2.902 1.955 7.644 8.618
3.401 1.472 7.462 9.264
4.382 0.000 7.105 11.034
4.788 0.000 6.957 11.223
5.209 0.000 6.804 11.434
-1.708 6.721 9.542 3.749
-1.598 6.663 9.502 3.745
-1.467 6.651 9.454 3.695
-1.356 6.600 9.414 3.693
-1.268 6.485 9.382 3.766
-1.159 6.417 9.342 3.790
-1.049 6.348 9.302 3.819
-0.943 6.253 9.263 3.879
-1.228 4.342 9.367 5.807
-1.032 4.349 9.296 5.757
-0.842 4.343 9.226 5.727
-0.659 4.291 9.160 5.751
-0.475 4.221 9.093 5.801
-0.303 3.853 9.030 6.156
-0.104 3.663 8.958 6.338
0.102 3.801 8.883 6.199
0.297 3.961 8.812 6.047
0.465 4.340 8.751 5.682
0.684 4.068 8.671 5.977
0.886 4.049 8.598 6.026
1.090 4.030 8.523 6.082
1.745 1.955 8.285 8.257
2.026 1.955 8.183 8.329
2.311 1.955 8.079 8.413
2.603 1.955 7.973 8.509
2.902 1.955 7.864 8.618
3.989 0.000 7.468 10.864
4.382 0.000 7.325 11.034
4.788 0.000 7.177 11.223
5.209 0.000 7.024 11.434
-1.699 6.738 9.738 3.729
-1.583 6.694 9.696 3.711
-1.468 6.650 9.654 3.697
-1.354 6.605 9.613 3.688
-1.245 6.548 9.573 3.698
-1.136 6.490 9.533 3.712
-1.027 6.427 9.494 3.736
-0.917 6.359 9.454 3.770
-1.334 3.852 9.606 6.310
-1.108 3.933 9.523 6.181
-0.911 3.877 9.452 6.200
-0.709 3.856 9.378 6.190
-0.509 3.814 9.305 6.210
-0.299 3.933 9.229 6.076
-0.105 3.610 9.158 6.391
0.103 3.747 9.083 6.254
0.301 3.884 9.010 6.125
0.497 3.956 8.939 6.067
0.692 4.005 8.868 6.040
0.887 4.043 8.797 6.032
1.091 4.029 8.723 6.083
1.802 1.692 8.464 8.526
2.030 1.937 8.381 8.347
2.311 1.955 8.279 8.413
2.603 1.955 8.173 8.509
2.902 1.955 8.064 8.618
3.264 1.818 7.932 8.889
3.591 1.804 7.813 9.043
4.788 0.000 7.377 11.223
5.209 0.000 7.224 11.434
-1.696 6.744 9.957 3.723
-1.442 6.988 9.865 3.380
-1.464 6.659 9.873 3.687
-1.350 6.615 9.832 3.677
-1.237 6.571 9.790 3.673
-1.124 6.528 9.749 3.672
-1.010 6.484 9.708 3.677
-0.896 6.440 9.666 3.685
-1.307 3.977 9.816 6.181
-1.098 3.989 9.740 6.123
-0.893 4.001 9.665 6.073
-0.691 4.013 9.591 6.032
-0.495 3.984 9.520 6.039
-0.295 4.008 9.447 6.000
-0.102 3.798 9.377 6.203
0.104 3.689 9.302 6.312
0.305 3.798 9.229 6.210
0.504 3.872 9.157 6.151
0.700 3.936 9.085 6.110
0.897 3.973 9.014 6.102
1.098 3.988 8.940 6.125
1.705 2.142 8.720 8.065
2.031 1.933 8.601 8.352
2.382 1.708 8.473 8.671
2.647 1.818 8.377 8.653
2.902 1.955 8.284 8.618
3.264 1.818 8.152 8.889
3.585 1.818 8.035 9.028
3.918 1.818 7.914 9.183
5.209 0.000 7.444 11.434
-1.707 6.724 10.181 3.746
-1.551 6.761 10.124 3.635
-1.460 6.668 10.092 3.677
-1.347 6.624 10.050 3.667
-1.233 6.581 10.009 3.663
-1.120 6.537 9.968 3.662
-1.720 4.014 10.186 6.259
-1.489 4.086 10.102 6.122
-1.275 4.122 10.024 6.033
-1.073 4.124 9.951 5.986
-0.874 4.127 9.878 5.946
-0.676 4.138 9.806 5.906
-0.481 4.149 9.735 5.873
-0.291 4.090 9.666 5.918
-0.091 4.460 9.593 5.541
0.101 3.865 9.523 6.136
0.310 3.713 9.447 6.296
0.511 3.788 9.374 6.236
0.708 3.861 9.302 6.185
0.908 3.902 9.230 6.174
1.393 2.373 9.053 7.770
1.660 2.349 8.956 7.852
1.926 2.349 8.859 7.921
2.246 2.182 8.743 8.175
2.604 1.953 8.612 8.510
3.094 1.422 8.434 9.188
3.989 0.000 8.108 10.864
3.585 1.818 8.255 9.028
3.918 1.818 8.134 9.183
4.262 1.818 8.009 9.355
-1.714 6.710 10.384 3.762
-1.579 6.702 10.335 3.701
-1.457 6.676 10.290 3.668
-1.343 6.633 10.249 3.658
-3.607 0.000 11.073 10.711
-3.236 0.000 10.938 10.576
-1.705 4.064 10.381 6.207
-1.477 4.136 10.298 6.071
-1.257 4.204 10.218 5.948
-1.047 4.269 10.141 5.838
-0.853 4.272 10.070 5.800
-0.661 4.274 10.001 5.769
-0.471 4.277 9.931 5.745
-0.284 4.235 9.863 5.773
-0.092 4.373 9.794 5.628
0.098 3.997 9.724 6.004
0.302 3.871 9.650 6.138
0.629 2.349 9.531 7.680
0.883 2.349 9.439 7.708
1.139 2.349 9.346 7.746
1.393 2.373 9.253 7.770
1.660 2.349 9.156 7.852
1.801 2.849 9.105 7.404
1.836 3.609 9.092 6.683
2.068 3.609 9.007 6.759
2.344 3.502 8.907 6.960
3.989 0.000 8.308 10.864
4.382 0.000 8.165 11.034
4.788 0.000 8.017 11.223
4.623 1.125 8.078 10.147
-5.209 0.000 11.876 11.434
-4.788 0.000 11.723 11.223
-4.382 0.000 11.575 11.034
-3.989 0.000 11.432 10.864
-3.607 0.000 11.293 10.711
-3.236 0.000 11.158 10.576
-1.690 4.119 10.595 6.149
-1.463 4.190 10.513 6.015
-1.246 4.258 10.434 5.893
-1.037 4.323 10.358 5.783
-0.836 4.386 10.284 5.684
-0.642 4.434 10.214 5.608
-0.460 4.405 10.147 5.616
-0.280 4.311 10.082 5.697
-0.095 4.226 10.015 5.775
0.097 4.101 9.945 5.900
0.297 3.976 9.872 6.032
0.624 2.406 9.753 7.623
0.883 2.349 9.659 7.708
1.139 2.349 9.566 7.746
1.393 2.373 9.473 7.770
1.660 2.349 9.376 7.852
1.801 2.849 9.325 7.404
1.836 3.609 9.312 6.683
2.068 3.609 9.227 6.759
2.305 3.609 9.141 6.846
2.549 3.609 9.052 6.943
4.382 0.000 8.385 11.034
4.788 0.000 8.237 11.223
5.209 0.000 8.084 11.434
