-4.142 0.000 -7.000 10.824
-3.541 0.000 -7.000 10.608
-2.962 0.000 -7.000 10.429
-2.401 0.000 -7.000 10.284
-1.853 0.000 -7.000 10.170
-1.317 0.000 -7.000 10.086
-0.787 0.000 -7.000 10.031
-0.262 0.000 -7.000 10.003
0.262 0.000 -7.000 10.003
0.787 0.000 -7.000 10.031
1.317 0.000 -7.000 10.086
1.853 0.000 -7.000 10.170
2.401 0.000 -7.000 10.284
2.962 0.000 -7.000 10.429
3.541 0.000 -7.000 10.608
4.142 0.000 -7.000 10.824
-4.142 0.000 -3.940 10.824
-3.541 0.000 -3.940 10.608
-2.962 0.000 -3.940 10.429
-2.401 0.000 -3.940 10.284
-1.853 0.000 -3.940 10.170
-1.317 0.000 -3.940 10.086
-0.787 0.000 -3.940 10.031
-0.262 0.000 -3.940 10.003
0.262 0.000 -3.940 10.003
0.787 0.000 -3.940 10.031
1.317 0.000 -3.940 10.086
1.853 0.000 -3.940 10.170
2.401 0.000 -3.940 10.284
2.962 0.000 -3.940 10.429
3.541 0.000 -3.940 10.608
4.142 0.000 -3.940 10.824
-4.142 0.000 -0.880 10.824
-3.541 0.000 -0.880 10.608
-2.962 0.000 -0.880 10.429
-2.401 0.000 -0.880 10.284
-1.853 0.000 -0.880 10.170
-1.317 0.000 -0.880 10.086
-0.787 0.000 -0.880 10.031
-0.262 0.000 -0.880 10.003
0.262 0.000 -0.880 10.003
0.787 0.000 -0.880 10.031
1.317 0.000 -0.880 10.086
1.853 0.000 -0.880 10.170
2.401 0.000 -0.880 10.284
2.962 0.000 -0.880 10.429
3.541 0.000 -0.880 10.608
4.142 0.000 -0.880 10.824
-4.142 0.000 2.180 10.824
-3.541 0.000 2.180 10.608
-2.962 0.000 2.180 10.429
-2.401 0.000 2.180 10.284
-1.853 0.000 2.180 10.170
-1.317 0.000 2.180 10.086
-0.787 0.000 2.180 10.031
-0.262 0.000 2.180 10.003
0.262 0.000 2.180 10.003
0.787 0.000 2.180 10.031
1.317 0.000 2.180 10.086
1.853 0.000 2.180 10.170
2.401 0.000 2.180 10.284
2.962 0.000 2.180 10.429
3.541 0.000 2.180 10.608
4.142 0.000 2.180 10.824
-0.696 8.320 5.240 1.818
-0.599 8.308 5.240 1.795
-0.505 8.296 5.240 1.777
-0.344 8.567 5.240 1.473
-0.198 8.934 5.240 1.085
-0.143 8.911 5.240 1.098
-0.089 8.875 5.240 1.128
-0.030 8.850 5.240 1.150
0.029 8.879 5.240 1.121
0.086 8.906 5.240 1.097
0.141 8.932 5.240 1.077
0.193 8.957 5.240 1.060
0.244 8.982 5.240 1.047
0.295 9.006 5.240 1.037
0.340 9.040 5.240 1.018
0.478 8.847 5.240 1.248
-4.142 0.000 8.300 10.824
-1.096 6.905 8.300 3.283
-0.910 6.928 8.300 3.204
-0.741 6.915 8.300 3.173
-0.576 6.895 8.300 3.158
-0.419 6.819 8.300 3.208
-0.259 6.714 8.300 3.297
-0.089 6.618 8.300 3.383
0.092 6.494 8.300 3.508
0.305 6.127 8.300 3.885
0.478 6.369 8.300 3.662
0.734 6.041 8.300 4.026
0.940 6.084 8.300 4.027
1.155 6.101 8.300 4.067
1.999 4.354 8.300 5.989
2.311 4.421 8.300 6.039
